-20.166 -70.037 -19.018 47.229
-20.166 -70.037 -21.082 -48.5073
-20.166 -70.037 -28.6141 25.2555
-20.166 -70.037 -26.3306 -57.3309
-20.166 -70.037 -51.6753 -58.0637
-20.166 -70.037 8.8952 38.6798
-20.166 -70.037 10.0045 40.5739
-20.166 -70.037 -54.2836 -36.4879
-20.166 -70.037 -25.0151 25.5966
-20.166 -70.037 -29.011 -70.7004
-20.166 -70.037 -15.2779 28.1882
-20.166 -70.037 -2.741 36.704
-20.166 -70.037 -0.6019 30.7382
-20.166 -70.037 -33.146 -70.675
-20.166 -70.037 -40.7328 -70.5508
-20.166 -70.037 -5.8274 -35.9014
-20.166 -70.037 -21.1712 55.7399
-20.166 -70.037 -15.9588 -5.7457
-20.166 -70.037 -32.3797 20.8117
-20.166 -70.037 -37.0681 -12.3152
-20.166 -70.037 -19.2022 17.5838
-20.166 -70.037 -31.6037 -68.7213
-60.797 -25.586 -19.018 47.229
-60.797 -25.586 -21.082 -48.5073
-60.797 -25.586 -28.6141 25.2555
-60.797 -25.586 -51.6753 -58.0637
-60.797 -25.586 8.8952 38.6798
-60.797 -25.586 10.0045 40.5739
-60.797 -25.586 -54.2836 -36.4879
-60.797 -25.586 -25.0151 25.5966
-60.797 -25.586 -29.011 -70.7004
-60.797 -25.586 -15.2779 28.1882
-60.797 -25.586 -22.6127 -68.9111
-60.797 -25.586 -2.741 36.704
-60.797 -25.586 -0.6019 30.7382
-60.797 -25.586 -33.146 -70.675
-60.797 -25.586 -5.8274 -35.9014
-60.797 -25.586 -21.1712 55.7399
-60.797 -25.586 -15.9588 -5.7457
-60.797 -25.586 -32.3797 20.8117
-60.797 -25.586 -37.0681 -12.3152
-60.797 -25.586 -19.2022 17.5838
-60.797 -25.586 -31.6037 -68.7213
-57.326 -23.421 -19.018 47.229
-57.326 -23.421 -28.6141 25.2555
-57.326 -23.421 -51.6753 -58.0637
-57.326 -23.421 8.8952 38.6798
-57.326 -23.421 10.0045 40.5739
-57.326 -23.421 -54.2836 -36.4879
-57.326 -23.421 -29.011 -70.7004
-57.326 -23.421 -15.2779 28.1882
-57.326 -23.421 -22.6127 -68.9111
-57.326 -23.421 -2.741 36.704
-57.326 -23.421 -0.6019 30.7382
-57.326 -23.421 -33.146 -70.675
-57.326 -23.421 -40.7328 -70.5508
-57.326 -23.421 -5.8274 -35.9014
-57.326 -23.421 -21.1712 55.7399
-57.326 -23.421 11.7926 41.0044
-57.326 -23.421 -15.9588 -5.7457
-57.326 -23.421 -23.592 -47.432
-57.326 -23.421 -32.3797 20.8117
-57.326 -23.421 -19.2022 17.5838
-57.326 -23.421 -31.6037 -68.7213
-56.022 -28.035 -19.018 47.229
-56.022 -28.035 -28.6141 25.2555
-56.022 -28.035 -26.3306 -57.3309
-56.022 -28.035 -51.6753 -58.0637
-56.022 -28.035 8.8952 38.6798
-56.022 -28.035 10.0045 40.5739
-56.022 -28.035 -54.2836 -36.4879
-56.022 -28.035 -1.1271 37.2525
-56.022 -28.035 -29.011 -70.7004
-56.022 -28.035 -16.2879 -68.1307
-56.022 -28.035 -15.2779 28.1882
-56.022 -28.035 -22.6127 -68.9111
-56.022 -28.035 -33.146 -70.675
-56.022 -28.035 -40.7328 -70.5508
-56.022 -28.035 -5.8274 -35.9014
-56.022 -28.035 -21.1712 55.7399
-56.022 -28.035 -15.9588 -5.7457
-56.022 -28.035 -23.592 -47.432
-56.022 -28.035 -32.3797 20.8117
-56.022 -28.035 -38.0568 -61.9787
-56.022 -28.035 -19.2022 17.5838
-1.182 -23.471 -19.018 47.229
-1.182 -23.471 -7.9327 -14.3601
-1.182 -23.471 -28.6141 25.2555
-1.182 -23.471 -26.3306 -57.3309
-1.182 -23.471 -51.6753 -58.0637
-1.182 -23.471 8.8952 38.6798
-1.182 -23.471 -54.2836 -36.4879
-1.182 -23.471 -1.1271 37.2525
-1.182 -23.471 -29.011 -70.7004
-1.182 -23.471 -16.2879 -68.1307
-1.182 -23.471 -15.2779 28.1882
-1.182 -23.471 -22.6127 -68.9111
-1.182 -23.471 -2.741 36.704
-1.182 -23.471 -33.146 -70.675
-1.182 -23.471 -40.7328 -70.5508
-1.182 -23.471 -5.8274 -35.9014
-1.182 -23.471 -21.1712 55.7399
-1.182 -23.471 -23.592 -47.432
-1.182 -23.471 -32.3797 20.8117
-1.182 -23.471 -38.0568 -61.9787
-1.182 -23.471 -19.2022 17.5838
-1.182 -23.471 -31.6037 -68.7213
-58.739 -24.714 -19.018 47.229
-58.739 -24.714 -28.6141 25.2555
-58.739 -24.714 -26.3306 -57.3309
-58.739 -24.714 -51.6753 -58.0637
-58.739 -24.714 8.8952 38.6798
-58.739 -24.714 10.0045 40.5739
-58.739 -24.714 -54.2836 -36.4879
-58.739 -24.714 -1.1271 37.2525
-58.739 -24.714 -25.0151 25.5966
-58.739 -24.714 -29.011 -70.7004
-58.739 -24.714 -16.2879 -68.1307
-58.739 -24.714 -15.2779 28.1882
-58.739 -24.714 -22.6127 -68.9111
-58.739 -24.714 -2.741 36.704
-58.739 -24.714 -33.146 -70.675
-58.739 -24.714 -40.7328 -70.5508
-58.739 -24.714 -5.8274 -35.9014
-58.739 -24.714 -21.1712 55.7399
-58.739 -24.714 -15.9588 -5.7457
-58.739 -24.714 -23.592 -47.432
-58.739 -24.714 -32.3797 20.8117
-58.739 -24.714 -38.0568 -61.9787
-58.739 -24.714 -19.2022 17.5838
-47.781 31.965 -19.018 47.229
-47.781 31.965 -21.0413 -48.5308
-47.781 31.965 -21.082 -48.5073
-47.781 31.965 -26.3306 -57.3309
-47.781 31.965 -51.6753 -58.0637
-47.781 31.965 8.8952 38.6798
-47.781 31.965 10.0045 40.5739
-47.781 31.965 -54.2836 -36.4879
-47.781 31.965 -1.1271 37.2525
-47.781 31.965 -25.0151 25.5966
-47.781 31.965 -29.011 -70.7004
-47.781 31.965 -16.2879 -68.1307
-47.781 31.965 -15.2779 28.1882
-47.781 31.965 -2.741 36.704
-47.781 31.965 -33.146 -70.675
-47.781 31.965 -40.7328 -70.5508
-47.781 31.965 -5.8274 -35.9014
-47.781 31.965 -21.1712 55.7399
-47.781 31.965 -15.9588 -5.7457
-47.781 31.965 -32.3797 20.8117
-47.781 31.965 -38.0568 -61.9787
-47.781 31.965 -19.2022 17.5838
-47.781 31.965 -31.6037 -68.7213
-58.22 -22.1 -19.018 47.229
-58.22 -22.1 -7.9327 -14.3601
-58.22 -22.1 -21.0413 -48.5308
-58.22 -22.1 -21.082 -48.5073
-58.22 -22.1 -28.6141 25.2555
-58.22 -22.1 -26.3306 -57.3309
-58.22 -22.1 10.0045 40.5739
-58.22 -22.1 -54.2836 -36.4879
-58.22 -22.1 -1.1271 37.2525
-58.22 -22.1 -25.0151 25.5966
-58.22 -22.1 -29.011 -70.7004
-58.22 -22.1 -16.2879 -68.1307
-58.22 -22.1 -15.2779 28.1882
-58.22 -22.1 -2.741 36.704
-58.22 -22.1 -0.6019 30.7382
-58.22 -22.1 -1.6557 13.6116
-58.22 -22.1 -33.146 -70.675
-58.22 -22.1 -40.7328 -70.5508
-58.22 -22.1 -5.8274 -35.9014
-58.22 -22.1 -21.1712 55.7399
-58.22 -22.1 11.7926 41.0044
-58.22 -22.1 -15.9588 -5.7457
-58.22 -22.1 -23.592 -47.432
-58.22 -22.1 -32.3797 20.8117
-58.22 -22.1 -37.0681 -12.3152
-58.22 -22.1 -38.0568 -61.9787
-58.22 -22.1 -19.2022 17.5838
-58.22 -22.1 -31.6037 -68.7213
-0.253 -18.303 -19.018 47.229
-0.253 -18.303 -7.9327 -14.3601
-0.253 -18.303 11.53 42.847
-0.253 -18.303 -21.0413 -48.5308
-0.253 -18.303 -21.082 -48.5073
-0.253 -18.303 -28.6141 25.2555
-0.253 -18.303 -26.3306 -57.3309
-0.253 -18.303 8.8952 38.6798
-0.253 -18.303 -1.1271 37.2525
-0.253 -18.303 -25.0151 25.5966
-0.253 -18.303 -29.011 -70.7004
-0.253 -18.303 -16.2879 -68.1307
-0.253 -18.303 -15.2779 28.1882
-0.253 -18.303 -2.741 36.704
-0.253 -18.303 -0.6019 30.7382
-0.253 -18.303 -33.146 -70.675
-0.253 -18.303 -40.7328 -70.5508
-0.253 -18.303 -5.8274 -35.9014
-0.253 -18.303 -21.1712 55.7399
-0.253 -18.303 -15.9588 -5.7457
-0.253 -18.303 -32.3797 20.8117
-0.253 -18.303 -38.0568 -61.9787
-0.253 -18.303 -19.2022 17.5838
-0.253 -18.303 -31.6037 -68.7213
-1.02 -21.843 -19.018 47.229
-1.02 -21.843 -7.9327 -14.3601
-1.02 -21.843 -21.0413 -48.5308
-1.02 -21.843 -21.082 -48.5073
-1.02 -21.843 8.8952 38.6798
-1.02 -21.843 -1.1271 37.2525
-1.02 -21.843 -29.011 -70.7004
-1.02 -21.843 -15.2779 28.1882
-1.02 -21.843 -2.741 36.704
-1.02 -21.843 -0.6019 30.7382
-1.02 -21.843 -33.146 -70.675
-1.02 -21.843 -5.8274 -35.9014
-1.02 -21.843 -21.1712 55.7399
-1.02 -21.843 -15.9588 -5.7457
-1.02 -21.843 -32.3797 20.8117
-1.02 -21.843 -38.0568 -61.9787
-1.02 -21.843 -19.2022 17.5838
-1.02 -21.843 -31.6037 -68.7213
-45.243 -72.648 -19.018 47.229
-45.243 -72.648 -7.9327 -14.3601
-45.243 -72.648 -28.6141 25.2555
-45.243 -72.648 -26.3306 -57.3309
-45.243 -72.648 -51.6753 -58.0637
-45.243 -72.648 8.8952 38.6798
-45.243 -72.648 -54.2836 -36.4879
-45.243 -72.648 -1.1271 37.2525
-45.243 -72.648 -25.0151 25.5966
-45.243 -72.648 -29.011 -70.7004
-45.243 -72.648 -16.2879 -68.1307
-45.243 -72.648 -15.2779 28.1882
-45.243 -72.648 -0.6019 30.7382
-45.243 -72.648 -1.6557 13.6116
-45.243 -72.648 -33.146 -70.675
-45.243 -72.648 -5.8274 -35.9014
-45.243 -72.648 -21.1712 55.7399
-45.243 -72.648 -15.9588 -5.7457
-45.243 -72.648 -23.592 -47.432
-45.243 -72.648 -32.3797 20.8117
-45.243 -72.648 -15.747 26.016
-45.243 -72.648 -37.0681 -12.3152
-45.243 -72.648 -38.0568 -61.9787
-45.243 -72.648 -19.2022 17.5838
-42.283 42.37 -44.7475 -72.2136
-42.283 42.37 -7.9327 -14.3601
-42.283 42.37 -28.6141 25.2555
-42.283 42.37 2.385 11.268
-42.283 42.37 3.87 11.456
-42.283 42.37 4.234 9.328
-42.283 42.37 5.723 9.355
-42.283 42.37 6.523 14.288
-42.283 42.37 7.265 13.548
-42.283 42.37 9.347 13.385
-42.283 42.37 -26.3306 -57.3309
-42.283 42.37 -51.6753 -58.0637
-42.283 42.37 8.8952 38.6798
-42.283 42.37 -46.7268 -75.4332
-42.283 42.37 -1.1271 37.2525
-42.283 42.37 -25.0151 25.5966
-42.283 42.37 -16.2879 -68.1307
-42.283 42.37 -15.2779 28.1882
-42.283 42.37 -46.6419 -72.7981
-42.283 42.37 -22.6127 -68.9111
-42.283 42.37 -0.6019 30.7382
-42.283 42.37 -33.146 -70.675
-42.283 42.37 -5.8274 -35.9014
-42.283 42.37 -46.7529 -74.4599
-42.283 42.37 -8.9489 -63.1831
-42.283 42.37 -15.9588 -5.7457
-42.283 42.37 -32.3797 20.8117
-42.283 42.37 -37.0681 -12.3152
-42.283 42.37 -38.0568 -61.9787
-42.283 42.37 -19.2022 17.5838
-0.248 -17.357 -19.018 47.229
-0.248 -17.357 -7.9327 -14.3601
-0.248 -17.357 -21.0413 -48.5308
-0.248 -17.357 -21.082 -48.5073
-0.248 -17.357 8.8952 38.6798
-0.248 -17.357 10.0045 40.5739
-0.248 -17.357 -54.2836 -36.4879
-0.248 -17.357 -1.1271 37.2525
-0.248 -17.357 -29.011 -70.7004
-0.248 -17.357 -2.741 36.704
-0.248 -17.357 -0.6019 30.7382
-0.248 -17.357 -33.146 -70.675
-0.248 -17.357 -5.8274 -35.9014
-0.248 -17.357 -21.1712 55.7399
-0.248 -17.357 -15.9588 -5.7457
-0.248 -17.357 -23.592 -47.432
-0.248 -17.357 -32.3797 20.8117
-0.248 -17.357 -37.0681 -12.3152
-0.248 -17.357 -38.0568 -61.9787
-0.248 -17.357 -19.2022 17.5838
-0.248 -17.357 -31.6037 -68.7213
-1.171 -13.955 -19.018 47.229
-1.171 -13.955 -7.9327 -14.3601
-1.171 -13.955 -21.0413 -48.5308
-1.171 -13.955 -21.082 -48.5073
-1.171 -13.955 -51.6753 -58.0637
-1.171 -13.955 8.8952 38.6798
-1.171 -13.955 -1.1271 37.2525
-1.171 -13.955 -29.011 -70.7004
-1.171 -13.955 -2.741 36.704
-1.171 -13.955 -0.6019 30.7382
-1.171 -13.955 -33.146 -70.675
-1.171 -13.955 -5.8274 -35.9014
-1.171 -13.955 -21.1712 55.7399
-1.171 -13.955 -15.9588 -5.7457
-1.171 -13.955 -23.592 -47.432
-1.171 -13.955 -32.3797 20.8117
-1.171 -13.955 -38.0568 -61.9787
-1.171 -13.955 -19.2022 17.5838
-20.123 -64.971 -19.018 47.229
-20.123 -64.971 -7.9327 -14.3601
-20.123 -64.971 -28.6141 25.2555
-20.123 -64.971 -26.3306 -57.3309
-20.123 -64.971 -24.9756 46.9788
-20.123 -64.971 -1.1271 37.2525
-20.123 -64.971 -25.0151 25.5966
-20.123 -64.971 -29.011 -70.7004
-20.123 -64.971 -15.2779 28.1882
-20.123 -64.971 -1.6557 13.6116
-20.123 -64.971 -33.146 -70.675
-20.123 -64.971 -40.7328 -70.5508
-20.123 -64.971 -5.8274 -35.9014
-20.123 -64.971 -21.1712 55.7399
-20.123 -64.971 -15.9588 -5.7457
-20.123 -64.971 -23.592 -47.432
-20.123 -64.971 -32.3797 20.8117
-20.123 -64.971 -37.0681 -12.3152
-20.123 -64.971 -38.0568 -61.9787
-20.123 -64.971 -31.6037 -68.7213
-53.794 8.727 -19.018 47.229
-53.794 8.727 -7.9327 -14.3601
-53.794 8.727 11.53 42.847
-53.794 8.727 -21.082 -48.5073
-53.794 8.727 -28.6141 25.2555
-53.794 8.727 -51.6753 -58.0637
-53.794 8.727 -24.9756 46.9788
-53.794 8.727 8.8952 38.6798
-53.794 8.727 10.0045 40.5739
-53.794 8.727 -54.2836 -36.4879
-53.794 8.727 -1.1271 37.2525
-53.794 8.727 -25.0151 25.5966
-53.794 8.727 -29.011 -70.7004
-53.794 8.727 -16.2879 -68.1307
-53.794 8.727 -15.2779 28.1882
-53.794 8.727 -2.741 36.704
-53.794 8.727 -0.6019 30.7382
-53.794 8.727 -1.6557 13.6116
-53.794 8.727 -33.146 -70.675
-53.794 8.727 -5.8274 -35.9014
-53.794 8.727 -21.1712 55.7399
-53.794 8.727 -15.9588 -5.7457
-53.794 8.727 -23.592 -47.432
-53.794 8.727 -32.3797 20.8117
-53.794 8.727 -37.0681 -12.3152
-53.794 8.727 -38.0568 -61.9787
-53.794 8.727 -19.2022 17.5838
-53.794 8.727 -31.6037 -68.7213
-1.1398 -13.8965 -19.018 47.229
-1.1398 -13.8965 11.53 42.847
-1.1398 -13.8965 -28.6141 25.2555
-1.1398 -13.8965 -26.3306 -57.3309
-1.1398 -13.8965 -51.6753 -58.0637
-1.1398 -13.8965 8.8952 38.6798
-1.1398 -13.8965 -1.1271 37.2525
-1.1398 -13.8965 -25.0151 25.5966
-1.1398 -13.8965 -29.011 -70.7004
-1.1398 -13.8965 -16.2879 -68.1307
-1.1398 -13.8965 -15.2779 28.1882
-1.1398 -13.8965 -0.6019 30.7382
-1.1398 -13.8965 -1.6557 13.6116
-1.1398 -13.8965 -40.7328 -70.5508
-1.1398 -13.8965 -5.8274 -35.9014
-1.1398 -13.8965 -21.1712 55.7399
-1.1398 -13.8965 -15.9588 -5.7457
-1.1398 -13.8965 -32.3797 20.8117
-1.1398 -13.8965 -37.0681 -12.3152
-1.1398 -13.8965 -38.0568 -61.9787
-1.1398 -13.8965 -19.2022 17.5838
-31.193 -13.338 -19.018 47.229
-31.193 -13.338 -7.9327 -14.3601
-31.193 -13.338 -21.0413 -48.5308
-31.193 -13.338 -28.6141 25.2555
-31.193 -13.338 -26.3306 -57.3309
-31.193 -13.338 -51.6753 -58.0637
-31.193 -13.338 -24.9756 46.9788
-31.193 -13.338 8.8952 38.6798
-31.193 -13.338 10.0045 40.5739
-31.193 -13.338 -1.1271 37.2525
-31.193 -13.338 -25.0151 25.5966
-31.193 -13.338 -29.011 -70.7004
-31.193 -13.338 -16.2879 -68.1307
-31.193 -13.338 -15.2779 28.1882
-31.193 -13.338 -22.6127 -68.9111
-31.193 -13.338 -0.6019 30.7382
-31.193 -13.338 -1.6557 13.6116
-31.193 -13.338 -40.7328 -70.5508
-31.193 -13.338 -5.8274 -35.9014
-31.193 -13.338 -21.1712 55.7399
-31.193 -13.338 -8.9489 -63.1831
-31.193 -13.338 -15.9588 -5.7457
-31.193 -13.338 -23.592 -47.432
-31.193 -13.338 -32.3797 20.8117
-31.193 -13.338 -37.0681 -12.3152
-31.193 -13.338 -38.0568 -61.9787
-31.193 -13.338 -19.2022 17.5838
-31.193 -13.338 -31.6037 -68.7213
-52.966 20.909 -19.018 47.229
-52.966 20.909 -21.0413 -48.5308
-52.966 20.909 -28.6141 25.2555
-52.966 20.909 -26.3306 -57.3309
-52.966 20.909 -51.6753 -58.0637
-52.966 20.909 8.8952 38.6798
-52.966 20.909 10.0045 40.5739
-52.966 20.909 -54.2836 -36.4879
-52.966 20.909 -1.1271 37.2525
-52.966 20.909 -25.0151 25.5966
-52.966 20.909 -29.011 -70.7004
-52.966 20.909 -16.2879 -68.1307
-52.966 20.909 -15.2779 28.1882
-52.966 20.909 -22.6127 -68.9111
-52.966 20.909 -0.6019 30.7382
-52.966 20.909 -40.7328 -70.5508
-52.966 20.909 -5.8274 -35.9014
-52.966 20.909 -21.1712 55.7399
-52.966 20.909 -15.9588 -5.7457
-52.966 20.909 -23.592 -47.432
-52.966 20.909 -32.3797 20.8117
-52.966 20.909 -37.0681 -12.3152
-52.966 20.909 -38.0568 -61.9787
-52.966 20.909 -19.2022 17.5838
-52.966 20.909 -31.6037 -68.7213
-60.203 -26.858 -19.018 47.229
-60.203 -26.858 11.53 42.847
-60.203 -26.858 -21.0337 -48.5857
-60.203 -26.858 -28.6141 25.2555
-60.203 -26.858 -26.3306 -57.3309
-60.203 -26.858 -51.6753 -58.0637
-60.203 -26.858 8.8952 38.6798
-60.203 -26.858 10.0045 40.5739
-60.203 -26.858 -54.2836 -36.4879
-60.203 -26.858 -1.1271 37.2525
-60.203 -26.858 -25.0151 25.5966
-60.203 -26.858 -29.011 -70.7004
-60.203 -26.858 -16.2879 -68.1307
-60.203 -26.858 -15.2779 28.1882
-60.203 -26.858 -22.6127 -68.9111
-60.203 -26.858 -0.6019 30.7382
-60.203 -26.858 -40.7328 -70.5508
-60.203 -26.858 -5.8274 -35.9014
-60.203 -26.858 -21.1712 55.7399
-60.203 -26.858 -8.9489 -63.1831
-60.203 -26.858 -15.9588 -5.7457
-60.203 -26.858 -23.592 -47.432
-60.203 -26.858 -32.3797 20.8117
-60.203 -26.858 -38.0568 -61.9787
-60.203 -26.858 -19.2022 17.5838
-60.203 -26.858 -31.6037 -68.7213
-45.833 35.139 -19.018 47.229
-45.833 35.139 -21.082 -48.5073
-45.833 35.139 -28.6141 25.2555
-45.833 35.139 -18.8313 -40.8465
-45.833 35.139 -26.3306 -57.3309
-45.833 35.139 -51.6753 -58.0637
-45.833 35.139 -24.9756 46.9788
-45.833 35.139 8.8952 38.6798
-45.833 35.139 10.0045 40.5739
-45.833 35.139 -54.2836 -36.4879
-45.833 35.139 -1.1271 37.2525
-45.833 35.139 -25.0151 25.5966
-45.833 35.139 -16.2879 -68.1307
-45.833 35.139 -15.2779 28.1882
-45.833 35.139 -22.6127 -68.9111
-45.833 35.139 -2.741 36.704
-45.833 35.139 -0.6019 30.7382
-45.833 35.139 -40.7328 -70.5508
-45.833 35.139 -5.8274 -35.9014
-45.833 35.139 -21.1712 55.7399
-45.833 35.139 -8.9489 -63.1831
-45.833 35.139 -23.592 -47.432
-45.833 35.139 -32.3797 20.8117
-45.833 35.139 -38.0568 -61.9787
-45.833 35.139 -19.2022 17.5838
-60.789 -20.208 -19.018 47.229
-60.789 -20.208 -7.9327 -14.3601
-60.789 -20.208 -28.6141 25.2555
-60.789 -20.208 -51.6753 -58.0637
-60.789 -20.208 8.8952 38.6798
-60.789 -20.208 -54.2836 -36.4879
-60.789 -20.208 -1.1271 37.2525
-60.789 -20.208 -25.0151 25.5966
-60.789 -20.208 -29.011 -70.7004
-60.789 -20.208 -16.2879 -68.1307
-60.789 -20.208 -15.2779 28.1882
-60.789 -20.208 -0.6019 30.7382
-60.789 -20.208 -1.6557 13.6116
-60.789 -20.208 -33.146 -70.675
-60.789 -20.208 -40.7328 -70.5508
-60.789 -20.208 -21.1712 55.7399
-60.789 -20.208 -15.9588 -5.7457
-60.789 -20.208 -23.592 -47.432
-60.789 -20.208 -32.3797 20.8117
-60.789 -20.208 -37.0681 -12.3152
-60.789 -20.208 -38.0568 -61.9787
-60.789 -20.208 -19.2022 17.5838
-41.6127 -83.8042 -19.018 47.229
-41.6127 -83.8042 -7.9327 -14.3601
-41.6127 -83.8042 11.53 42.847
-41.6127 -83.8042 -28.6141 25.2555
-41.6127 -83.8042 -26.3306 -57.3309
-41.6127 -83.8042 -51.6753 -58.0637
-41.6127 -83.8042 -24.9756 46.9788
-41.6127 -83.8042 8.8952 38.6798
-41.6127 -83.8042 -54.2836 -36.4879
-41.6127 -83.8042 -1.1271 37.2525
-41.6127 -83.8042 -25.0151 25.5966
-41.6127 -83.8042 -29.011 -70.7004
-41.6127 -83.8042 -16.2879 -68.1307
-41.6127 -83.8042 -15.2779 28.1882
-41.6127 -83.8042 -22.6127 -68.9111
-41.6127 -83.8042 -0.6019 30.7382
-41.6127 -83.8042 -40.7328 -70.5508
-41.6127 -83.8042 -5.8274 -35.9014
-41.6127 -83.8042 -21.1712 55.7399
-41.6127 -83.8042 -8.9489 -63.1831
-41.6127 -83.8042 -15.9588 -5.7457
-41.6127 -83.8042 -23.592 -47.432
-41.6127 -83.8042 -32.3797 20.8117
-41.6127 -83.8042 -37.0681 -12.3152
-41.6127 -83.8042 -38.0568 -61.9787
-41.6127 -83.8042 -19.2022 17.5838
-54.366 5.871 -19.018 47.229
-54.366 5.871 -7.9327 -14.3601
-54.366 5.871 -21.0337 -48.5857
-54.366 5.871 -21.082 -48.5073
-54.366 5.871 -28.6141 25.2555
-54.366 5.871 -26.3306 -57.3309
-54.366 5.871 -51.6753 -58.0637
-54.366 5.871 -24.9756 46.9788
-54.366 5.871 8.8952 38.6798
-54.366 5.871 10.0045 40.5739
-54.366 5.871 -54.2836 -36.4879
-54.366 5.871 -1.1271 37.2525
-54.366 5.871 -25.0151 25.5966
-54.366 5.871 -29.011 -70.7004
-54.366 5.871 -16.2879 -68.1307
-54.366 5.871 -15.2779 28.1882
-54.366 5.871 -22.6127 -68.9111
-54.366 5.871 -2.741 36.704
-54.366 5.871 -0.6019 30.7382
-54.366 5.871 -40.7328 -70.5508
-54.366 5.871 -5.8274 -35.9014
-54.366 5.871 -21.1712 55.7399
-54.366 5.871 -8.9489 -63.1831
-54.366 5.871 -15.9588 -5.7457
-54.366 5.871 -23.592 -47.432
-54.366 5.871 -32.3797 20.8117
-54.366 5.871 -37.0681 -12.3152
-54.366 5.871 -38.0568 -61.9787
-54.366 5.871 -19.2022 17.5838
-54.366 5.871 -31.6037 -68.7213
-15.041 -70.445 -19.018 47.229
-15.041 -70.445 -7.9327 -14.3601
-15.041 -70.445 -21.0337 -48.5857
-15.041 -70.445 -21.082 -48.5073
-15.041 -70.445 -28.6141 25.2555
-15.041 -70.445 -26.3306 -57.3309
-15.041 -70.445 -51.6753 -58.0637
-15.041 -70.445 10.0045 40.5739
-15.041 -70.445 -54.2836 -36.4879
-15.041 -70.445 -1.1271 37.2525
-15.041 -70.445 -25.0151 25.5966
-15.041 -70.445 -29.011 -70.7004
-15.041 -70.445 -15.2779 28.1882
-15.041 -70.445 -22.6127 -68.9111
-15.041 -70.445 -40.7328 -70.5508
-15.041 -70.445 -5.8274 -35.9014
-15.041 -70.445 -8.9489 -63.1831
-15.041 -70.445 -32.3797 20.8117
-15.041 -70.445 -38.0568 -61.9787
-15.041 -70.445 -19.2022 17.5838
-15.041 -70.445 -31.6037 -68.7213
-59.955 -65.163 -19.018 47.229
-59.955 -65.163 -7.9327 -14.3601
-59.955 -65.163 11.53 42.847
-59.955 -65.163 -21.0337 -48.5857
-59.955 -65.163 -21.082 -48.5073
-59.955 -65.163 -28.6141 25.2555
-59.955 -65.163 -26.3306 -57.3309
-59.955 -65.163 -51.6753 -58.0637
-59.955 -65.163 -24.9756 46.9788
-59.955 -65.163 8.8952 38.6798
-59.955 -65.163 -54.2836 -36.4879
-59.955 -65.163 -1.1271 37.2525
-59.955 -65.163 -25.0151 25.5966
-59.955 -65.163 -29.011 -70.7004
-59.955 -65.163 -16.2879 -68.1307
-59.955 -65.163 -15.2779 28.1882
-59.955 -65.163 -22.6127 -68.9111
-59.955 -65.163 -2.741 36.704
-59.955 -65.163 -0.6019 30.7382
-59.955 -65.163 -40.7328 -70.5508
-59.955 -65.163 -5.8274 -35.9014
-59.955 -65.163 -21.1712 55.7399
-59.955 -65.163 -8.9489 -63.1831
-59.955 -65.163 -15.9588 -5.7457
-59.955 -65.163 -23.592 -47.432
-59.955 -65.163 -32.3797 20.8117
-59.955 -65.163 -37.0681 -12.3152
-59.955 -65.163 -38.0568 -61.9787
-59.955 -65.163 -19.2022 17.5838
-19.3475 -70.246 -19.018 47.229
-19.3475 -70.246 -7.9327 -14.3601
-19.3475 -70.246 -28.6141 25.2555
-19.3475 -70.246 -26.3306 -57.3309
-19.3475 -70.246 -51.6753 -58.0637
-19.3475 -70.246 -24.9756 46.9788
-19.3475 -70.246 -54.2836 -36.4879
-19.3475 -70.246 -1.1271 37.2525
-19.3475 -70.246 -25.0151 25.5966
-19.3475 -70.246 -29.011 -70.7004
-19.3475 -70.246 -40.7328 -70.5508
-19.3475 -70.246 -21.1712 55.7399
-19.3475 -70.246 -23.592 -47.432
-19.3475 -70.246 -32.3797 20.8117
-19.3475 -70.246 -37.0681 -12.3152
-19.3475 -70.246 -38.0568 -61.9787
-22.8898 -66.5322 -19.018 47.229
-22.8898 -66.5322 -7.9327 -14.3601
-22.8898 -66.5322 -28.6141 25.2555
-22.8898 -66.5322 -26.3306 -57.3309
-22.8898 -66.5322 -51.6753 -58.0637
-22.8898 -66.5322 -24.9756 46.9788
-22.8898 -66.5322 8.8952 38.6798
-22.8898 -66.5322 -54.2836 -36.4879
-22.8898 -66.5322 -1.1271 37.2525
-22.8898 -66.5322 -25.0151 25.5966
-22.8898 -66.5322 -29.011 -70.7004
-22.8898 -66.5322 -16.2879 -68.1307
-22.8898 -66.5322 -15.2779 28.1882
-22.8898 -66.5322 -0.6019 30.7382
-22.8898 -66.5322 -40.7328 -70.5508
-22.8898 -66.5322 -0.7308 -59.9666
-22.8898 -66.5322 -5.8274 -35.9014
-22.8898 -66.5322 -21.1712 55.7399
-22.8898 -66.5322 -15.9588 -5.7457
-22.8898 -66.5322 -23.592 -47.432
-22.8898 -66.5322 -32.3797 20.8117
-22.8898 -66.5322 -37.0681 -12.3152
-22.8898 -66.5322 -38.0568 -61.9787
-39.5359 -75.038 -19.018 47.229
-39.5359 -75.038 -7.9327 -14.3601
-39.5359 -75.038 -28.6141 25.2555
-39.5359 -75.038 -26.3306 -57.3309
-39.5359 -75.038 -51.6753 -58.0637
-39.5359 -75.038 -24.9756 46.9788
-39.5359 -75.038 8.8952 38.6798
-39.5359 -75.038 -54.2836 -36.4879
-39.5359 -75.038 -1.1271 37.2525
-39.5359 -75.038 -25.0151 25.5966
-39.5359 -75.038 -29.011 -70.7004
-39.5359 -75.038 -16.2879 -68.1307
-39.5359 -75.038 -15.2779 28.1882
-39.5359 -75.038 -22.6127 -68.9111
-39.5359 -75.038 -0.6019 30.7382
-39.5359 -75.038 -0.7308 -59.9666
-39.5359 -75.038 -5.8274 -35.9014
-39.5359 -75.038 -21.1712 55.7399
-39.5359 -75.038 -15.9588 -5.7457
-39.5359 -75.038 -23.592 -47.432
-39.5359 -75.038 -37.0681 -12.3152
-39.5359 -75.038 -38.0568 -61.9787
-39.5359 -75.038 -19.2022 17.5838
-10.129 33.855 -19.018 47.229
-10.129 33.855 -7.9327 -14.3601
-10.129 33.855 -28.6141 25.2555
-10.129 33.855 -26.3306 -57.3309
-10.129 33.855 -51.6753 -58.0637
-10.129 33.855 -24.9756 46.9788
-10.129 33.855 8.8952 38.6798
-10.129 33.855 -1.1271 37.2525
-10.129 33.855 -25.0151 25.5966
-10.129 33.855 -29.011 -70.7004
-10.129 33.855 -16.2879 -68.1307
-10.129 33.855 -15.2779 28.1882
-10.129 33.855 -22.6127 -68.9111
-10.129 33.855 -2.741 36.704
-10.129 33.855 -0.6019 30.7382
-10.129 33.855 -40.7328 -70.5508
-10.129 33.855 -0.7308 -59.9666
-10.129 33.855 -5.8274 -35.9014
-10.129 33.855 -21.1712 55.7399
-10.129 33.855 -8.9489 -63.1831
-10.129 33.855 -15.9588 -5.7457
-10.129 33.855 -23.592 -47.432
-10.129 33.855 -32.3797 20.8117
-10.129 33.855 -37.0681 -12.3152
-10.129 33.855 -38.0568 -61.9787
-10.129 33.855 -19.2022 17.5838
-9.948 33.878 -19.018 47.229
-9.948 33.878 -7.9327 -14.3601
-9.948 33.878 -28.6141 25.2555
-9.948 33.878 -18.8313 -40.8465
-9.948 33.878 -26.3306 -57.3309
-9.948 33.878 -51.6753 -58.0637
-9.948 33.878 -24.9756 46.9788
-9.948 33.878 8.8952 38.6798
-9.948 33.878 -54.2836 -36.4879
-9.948 33.878 -1.1271 37.2525
-9.948 33.878 -25.0151 25.5966
-9.948 33.878 -29.011 -70.7004
-9.948 33.878 -16.2879 -68.1307
-9.948 33.878 -15.2779 28.1882
-9.948 33.878 -22.6127 -68.9111
-9.948 33.878 -2.741 36.704
-9.948 33.878 -0.6019 30.7382
-9.948 33.878 -40.7328 -70.5508
-9.948 33.878 -0.7308 -59.9666
-9.948 33.878 -5.8274 -35.9014
-9.948 33.878 -21.1712 55.7399
-9.948 33.878 -8.9489 -63.1831
-9.948 33.878 -15.9588 -5.7457
-9.948 33.878 -23.592 -47.432
-9.948 33.878 -32.3797 20.8117
-9.948 33.878 -37.0681 -12.3152
-9.948 33.878 -38.0568 -61.9787
-9.948 33.878 -19.2022 17.5838
-0.642 -21.072 -19.018 47.229
-0.642 -21.072 -7.9327 -14.3601
-0.642 -21.072 -28.6141 25.2555
-0.642 -21.072 -18.8313 -40.8465
-0.642 -21.072 -26.3306 -57.3309
-0.642 -21.072 -51.6753 -58.0637
-0.642 -21.072 -24.9756 46.9788
-0.642 -21.072 8.8952 38.6798
-0.642 -21.072 -54.2836 -36.4879
-0.642 -21.072 -1.1271 37.2525
-0.642 -21.072 -25.0151 25.5966
-0.642 -21.072 -29.011 -70.7004
-0.642 -21.072 -16.2879 -68.1307
-0.642 -21.072 -15.2779 28.1882
-0.642 -21.072 -22.6127 -68.9111
-0.642 -21.072 -2.741 36.704
-0.642 -21.072 -0.6019 30.7382
-0.642 -21.072 -40.7328 -70.5508
-0.642 -21.072 -0.7308 -59.9666
-0.642 -21.072 -5.8274 -35.9014
-0.642 -21.072 -21.1712 55.7399
-0.642 -21.072 -8.9489 -63.1831
-0.642 -21.072 -15.9588 -5.7457
-0.642 -21.072 -23.592 -47.432
-0.642 -21.072 -32.3797 20.8117
-0.642 -21.072 -37.0681 -12.3152
-0.642 -21.072 -38.0568 -61.9787
-0.642 -21.072 -19.2022 17.5838
-1.407 -14.911 -19.018 47.229
-1.407 -14.911 -7.9327 -14.3601
-1.407 -14.911 -20.143 28.611
-1.407 -14.911 -28.6141 25.2555
-1.407 -14.911 -26.3306 -57.3309
-1.407 -14.911 -51.6753 -58.0637
-1.407 -14.911 8.8952 38.6798
-1.407 -14.911 -54.2836 -36.4879
-1.407 -14.911 -1.1271 37.2525
-1.407 -14.911 -25.0151 25.5966
-1.407 -14.911 -29.011 -70.7004
-1.407 -14.911 -16.2879 -68.1307
-1.407 -14.911 -15.2779 28.1882
-1.407 -14.911 -0.6019 30.7382
-1.407 -14.911 -1.6557 13.6116
-1.407 -14.911 -33.146 -70.675
-1.407 -14.911 -40.7328 -70.5508
-1.407 -14.911 -5.8274 -35.9014
-1.407 -14.911 -21.1712 55.7399
-1.407 -14.911 -15.9588 -5.7457
-1.407 -14.911 -23.592 -47.432
-1.407 -14.911 -32.3797 20.8117
-1.407 -14.911 -15.747 26.016
-1.407 -14.911 -37.0681 -12.3152
-1.407 -14.911 -38.0568 -61.9787
-1.407 -14.911 -19.2022 17.5838
-10.108 33.818 -19.018 47.229
-10.108 33.818 -7.9327 -14.3601
-10.108 33.818 -28.6141 25.2555
-10.108 33.818 -18.8313 -40.8465
-10.108 33.818 -26.3306 -57.3309
-10.108 33.818 -51.6753 -58.0637
-10.108 33.818 -24.9756 46.9788
-10.108 33.818 8.8952 38.6798
-10.108 33.818 -54.2836 -36.4879
-10.108 33.818 -1.1271 37.2525
-10.108 33.818 -25.0151 25.5966
-10.108 33.818 -29.011 -70.7004
-10.108 33.818 -16.2879 -68.1307
-10.108 33.818 -15.2779 28.1882
-10.108 33.818 -22.6127 -68.9111
-10.108 33.818 -2.741 36.704
-10.108 33.818 -0.6019 30.7382
-10.108 33.818 -40.7328 -70.5508
-10.108 33.818 -0.7308 -59.9666
-10.108 33.818 -5.8274 -35.9014
-10.108 33.818 -21.1712 55.7399
-10.108 33.818 -8.9489 -63.1831
-10.108 33.818 -15.9588 -5.7457
-10.108 33.818 -23.592 -47.432
-10.108 33.818 -32.3797 20.8117
-10.108 33.818 -37.0681 -12.3152
-10.108 33.818 -38.0568 -61.9787
-10.108 33.818 -19.2022 17.5838
-58.173 -14.696 -19.018 47.229
-58.173 -14.696 -7.9327 -14.3601
-58.173 -14.696 -18.8313 -40.8465
-58.173 -14.696 -26.3306 -57.3309
-58.173 -14.696 -51.6753 -58.0637
-58.173 -14.696 -24.9756 46.9788
-58.173 -14.696 8.8952 38.6798
-58.173 -14.696 -54.2836 -36.4879
-58.173 -14.696 -1.1271 37.2525
-58.173 -14.696 -25.0151 25.5966
-58.173 -14.696 -29.011 -70.7004
-58.173 -14.696 -16.2879 -68.1307
-58.173 -14.696 -15.2779 28.1882
-58.173 -14.696 -22.6127 -68.9111
-58.173 -14.696 -2.741 36.704
-58.173 -14.696 -0.6019 30.7382
-58.173 -14.696 -1.6557 13.6116
-58.173 -14.696 -40.7328 -70.5508
-58.173 -14.696 -0.7308 -59.9666
-58.173 -14.696 -5.8274 -35.9014
-58.173 -14.696 -21.1712 55.7399
-58.173 -14.696 -8.9489 -63.1831
-58.173 -14.696 -15.9588 -5.7457
-58.173 -14.696 -32.3797 20.8117
-58.173 -14.696 -37.0681 -12.3152
-58.173 -14.696 -38.0568 -61.9787
-58.173 -14.696 -19.2022 17.5838
-57.664 -65.879 -19.018 47.229
-57.664 -65.879 -7.9327 -14.3601
-57.664 -65.879 -28.6141 25.2555
-57.664 -65.879 -18.8313 -40.8465
-57.664 -65.879 -26.3306 -57.3309
-57.664 -65.879 -24.9756 46.9788
-57.664 -65.879 8.8952 38.6798
-57.664 -65.879 -54.2836 -36.4879
-57.664 -65.879 -1.1271 37.2525
-57.664 -65.879 -25.0151 25.5966
-57.664 -65.879 -29.011 -70.7004
-57.664 -65.879 -16.2879 -68.1307
-57.664 -65.879 -15.2779 28.1882
-57.664 -65.879 -22.6127 -68.9111
-57.664 -65.879 -2.741 36.704
-57.664 -65.879 -0.6019 30.7382
-57.664 -65.879 -40.7328 -70.5508
-57.664 -65.879 -5.8274 -35.9014
-57.664 -65.879 -21.1712 55.7399
-57.664 -65.879 -8.9489 -63.1831
-57.664 -65.879 -15.9588 -5.7457
-57.664 -65.879 -32.3797 20.8117
-57.664 -65.879 -37.0681 -12.3152
-57.664 -65.879 -19.2022 17.5838
-8.498 -74.466 -19.018 47.229
-8.498 -74.466 -7.9327 -14.3601
-8.498 -74.466 -28.6141 25.2555
-8.498 -74.466 -26.3306 -57.3309
-8.498 -74.466 -24.9756 46.9788
-8.498 -74.466 8.8952 38.6798
-8.498 -74.466 -54.2836 -36.4879
-8.498 -74.466 -1.1271 37.2525
-8.498 -74.466 -25.0151 25.5966
-8.498 -74.466 -29.011 -70.7004
-8.498 -74.466 -15.2779 28.1882
-8.498 -74.466 -22.6127 -68.9111
-8.498 -74.466 -0.6019 30.7382
-8.498 -74.466 -40.7328 -70.5508
-8.498 -74.466 -0.7308 -59.9666
-8.498 -74.466 -5.8274 -35.9014
-8.498 -74.466 -21.1712 55.7399
-8.498 -74.466 -8.9489 -63.1831
-8.498 -74.466 -15.9588 -5.7457
-8.498 -74.466 -32.3797 20.8117
-8.498 -74.466 -38.0568 -61.9787
-8.498 -74.466 -19.2022 17.5838
-14.1 -14.554 -19.018 47.229
-14.1 -14.554 -7.9327 -14.3601
-14.1 -14.554 -28.6141 25.2555
-14.1 -14.554 -18.8313 -40.8465
-14.1 -14.554 -26.3306 -57.3309
-14.1 -14.554 -24.9756 46.9788
-14.1 -14.554 8.8952 38.6798
-14.1 -14.554 -54.2836 -36.4879
-14.1 -14.554 -1.1271 37.2525
-14.1 -14.554 -25.0151 25.5966
-14.1 -14.554 -29.011 -70.7004
-14.1 -14.554 -15.2779 28.1882
-14.1 -14.554 -22.6127 -68.9111
-14.1 -14.554 -2.741 36.704
-14.1 -14.554 -0.6019 30.7382
-14.1 -14.554 -40.7328 -70.5508
-14.1 -14.554 -0.7308 -59.9666
-14.1 -14.554 -5.8274 -35.9014
-14.1 -14.554 -21.1712 55.7399
-14.1 -14.554 -8.9489 -63.1831
-14.1 -14.554 -15.9588 -5.7457
-14.1 -14.554 -32.3797 20.8117
-14.1 -14.554 -38.0568 -61.9787
-14.1 -14.554 -19.2022 17.5838
-23.357 -66.712 -19.018 47.229
-23.357 -66.712 -7.9327 -14.3601
-23.357 -66.712 -28.6141 25.2555
-23.357 -66.712 -18.8313 -40.8465
-23.357 -66.712 -26.3306 -57.3309
-23.357 -66.712 -24.9756 46.9788
-23.357 -66.712 8.8952 38.6798
-23.357 -66.712 -1.1271 37.2525
-23.357 -66.712 -25.0151 25.5966
-23.357 -66.712 -29.011 -70.7004
-23.357 -66.712 -16.2879 -68.1307
-23.357 -66.712 -15.2779 28.1882
-23.357 -66.712 -2.741 36.704
-23.357 -66.712 -40.7328 -70.5508
-23.357 -66.712 -0.7308 -59.9666
-23.357 -66.712 -5.8274 -35.9014
-23.357 -66.712 -21.1712 55.7399
-23.357 -66.712 -8.9489 -63.1831
-23.357 -66.712 -15.9588 -5.7457
-23.357 -66.712 -32.3797 20.8117
-23.357 -66.712 -38.0568 -61.9787
-23.357 -66.712 -19.2022 17.5838
-33.622 -68.789 -19.018 47.229
-33.622 -68.789 -7.9327 -14.3601
-33.622 -68.789 -28.6141 25.2555
-33.622 -68.789 -26.3306 -57.3309
-33.622 -68.789 -51.6753 -58.0637
-33.622 -68.789 -24.9756 46.9788
-33.622 -68.789 8.8952 38.6798
-33.622 -68.789 -1.1271 37.2525
-33.622 -68.789 -25.0151 25.5966
-33.622 -68.789 -16.2879 -68.1307
-33.622 -68.789 -15.2779 28.1882
-33.622 -68.789 -22.6127 -68.9111
-33.622 -68.789 -40.7328 -70.5508
-33.622 -68.789 -0.7308 -59.9666
-33.622 -68.789 -5.8274 -35.9014
-33.622 -68.789 -21.1712 55.7399
-33.622 -68.789 -8.9489 -63.1831
-33.622 -68.789 -15.9588 -5.7457
-33.622 -68.789 -32.3797 20.8117
-33.622 -68.789 -37.0681 -12.3152
-33.622 -68.789 -38.0568 -61.9787
-33.622 -68.789 -19.2022 17.5838
-36.61 -73.36 -19.018 47.229
-36.61 -73.36 -7.9327 -14.3601
-36.61 -73.36 -28.6141 25.2555
-36.61 -73.36 -26.3306 -57.3309
-36.61 -73.36 -51.6753 -58.0637
-36.61 -73.36 -24.9756 46.9788
-36.61 -73.36 8.8952 38.6798
-36.61 -73.36 -54.2836 -36.4879
-36.61 -73.36 -1.1271 37.2525
-36.61 -73.36 -25.0151 25.5966
-36.61 -73.36 -16.2879 -68.1307
-36.61 -73.36 -15.2779 28.1882
-36.61 -73.36 -22.6127 -68.9111
-36.61 -73.36 -2.741 36.704
-36.61 -73.36 -0.6019 30.7382
-36.61 -73.36 -5.8274 -35.9014
-36.61 -73.36 -21.1712 55.7399
-36.61 -73.36 -8.9489 -63.1831
-36.61 -73.36 -15.9588 -5.7457
-36.61 -73.36 -32.3797 20.8117
-36.61 -73.36 -37.0681 -12.3152
-36.61 -73.36 -38.0568 -61.9787
-36.61 -73.36 -19.2022 17.5838
-15.345 -72.962 -44.7475 -72.2136
-15.345 -72.962 -7.9327 -14.3601
-15.345 -72.962 -28.6141 25.2555
-15.345 -72.962 2.385 11.268
-15.345 -72.962 4.234 9.328
-15.345 -72.962 5.723 9.355
-15.345 -72.962 6.523 14.288
-15.345 -72.962 7.265 13.548
-15.345 -72.962 9.347 13.385
-15.345 -72.962 -51.6753 -58.0637
-15.345 -72.962 8.8952 38.6798
-15.345 -72.962 -54.2836 -36.4879
-15.345 -72.962 -1.1271 37.2525
-15.345 -72.962 -25.0151 25.5966
-15.345 -72.962 -15.2779 28.1882
-15.345 -72.962 -22.6127 -68.9111
-15.345 -72.962 -0.6019 30.7382
-15.345 -72.962 -33.1436 -70.6749
-15.345 -72.962 -5.8274 -35.9014
-15.345 -72.962 -8.9489 -63.1831
-15.345 -72.962 -15.9588 -5.7457
-15.345 -72.962 -32.3797 20.8117
-15.345 -72.962 -37.0681 -12.3152
-15.345 -72.962 -38.0568 -61.9787
-15.345 -72.962 -46.1207 -72.1607
-22.227 -68.328 -19.018 47.229
-22.227 -68.328 -7.9327 -14.3601
-22.227 -68.328 -28.6141 25.2555
-22.227 -68.328 -26.3306 -57.3309
-22.227 -68.328 -51.6753 -58.0637
-22.227 -68.328 -24.9756 46.9788
-22.227 -68.328 8.8952 38.6798
-22.227 -68.328 -54.2836 -36.4879
-22.227 -68.328 -1.1271 37.2525
-22.227 -68.328 -25.0151 25.5966
-22.227 -68.328 -16.2879 -68.1307
-22.227 -68.328 -15.2779 28.1882
-22.227 -68.328 -2.741 36.704
-22.227 -68.328 -0.6019 30.7382
-22.227 -68.328 -5.8274 -35.9014
-22.227 -68.328 -21.1712 55.7399
-22.227 -68.328 -8.9489 -63.1831
-22.227 -68.328 -15.9588 -5.7457
-22.227 -68.328 -32.3797 20.8117
-22.227 -68.328 -37.0681 -12.3152
-22.227 -68.328 -38.0568 -61.9787
-22.227 -68.328 -19.2022 17.5838
-44.85 -80.453 -19.018 47.229
-44.85 -80.453 -7.9327 -14.3601
-44.85 -80.453 -20.143 28.611
-44.85 -80.453 -28.6141 25.2555
-44.85 -80.453 -51.6753 -58.0637
-44.85 -80.453 8.8952 38.6798
-44.85 -80.453 -54.2836 -36.4879
-44.85 -80.453 -1.1271 37.2525
-44.85 -80.453 -25.0151 25.5966
-44.85 -80.453 -29.011 -70.7004
-44.85 -80.453 -16.2879 -68.1307
-44.85 -80.453 -15.2779 28.1882
-44.85 -80.453 -0.6019 30.7382
-44.85 -80.453 -33.146 -70.675
-44.85 -80.453 -40.7328 -70.5508
-44.85 -80.453 -5.8274 -35.9014
-44.85 -80.453 -21.1712 55.7399
-44.85 -80.453 -15.9588 -5.7457
-44.85 -80.453 -23.592 -47.432
-44.85 -80.453 -32.3797 20.8117
-44.85 -80.453 -15.747 26.016
-44.85 -80.453 -38.0568 -61.9787
-44.85 -80.453 -19.2022 17.5838
-36.665 -73.373 -19.018 47.229
-36.665 -73.373 -7.9327 -14.3601
-36.665 -73.373 -28.6141 25.2555
-36.665 -73.373 -26.3306 -57.3309
-36.665 -73.373 -51.6753 -58.0637
-36.665 -73.373 -24.9756 46.9788
-36.665 -73.373 8.8952 38.6798
-36.665 -73.373 -54.2836 -36.4879
-36.665 -73.373 -1.1271 37.2525
-36.665 -73.373 -25.0151 25.5966
-36.665 -73.373 -16.2879 -68.1307
-36.665 -73.373 -15.2779 28.1882
-36.665 -73.373 -22.6127 -68.9111
-36.665 -73.373 -2.741 36.704
-36.665 -73.373 -0.6019 30.7382
-36.665 -73.373 -1.6557 13.6116
-36.665 -73.373 -5.8274 -35.9014
-36.665 -73.373 -21.1712 55.7399
-36.665 -73.373 -8.9489 -63.1831
-36.665 -73.373 -15.9588 -5.7457
-36.665 -73.373 -32.3797 20.8117
-36.665 -73.373 -37.0681 -12.3152
-36.665 -73.373 -38.0568 -61.9787
-36.665 -73.373 -19.2022 17.5838
-34.233 -71.917 -19.018 47.229
-34.233 -71.917 -7.9327 -14.3601
-34.233 -71.917 -28.6141 25.2555
-34.233 -71.917 -51.6753 -58.0637
-34.233 -71.917 -24.9756 46.9788
-34.233 -71.917 8.8952 38.6798
-34.233 -71.917 -54.2836 -36.4879
-34.233 -71.917 -1.1271 37.2525
-34.233 -71.917 -29.011 -70.7004
-34.233 -71.917 -16.2879 -68.1307
-34.233 -71.917 -15.2779 28.1882
-34.233 -71.917 -22.6127 -68.9111
-34.233 -71.917 -1.6557 13.6116
-34.233 -71.917 -40.7328 -70.5508
-34.233 -71.917 -0.7308 -59.9666
-34.233 -71.917 -5.8274 -35.9014
-34.233 -71.917 -8.9489 -63.1831
-34.233 -71.917 -15.9588 -5.7457
-34.233 -71.917 -32.3797 20.8117
-34.233 -71.917 -37.0681 -12.3152
-34.233 -71.917 -38.0568 -61.9787
-34.233 -71.917 -19.2022 17.5838
-35.802 -73.158 -19.018 47.229
-35.802 -73.158 -7.9327 -14.3601
-35.802 -73.158 -28.6141 25.2555
-35.802 -73.158 -51.6753 -58.0637
-35.802 -73.158 -24.9756 46.9788
-35.802 -73.158 8.8952 38.6798
-35.802 -73.158 -54.2836 -36.4879
-35.802 -73.158 -1.1271 37.2525
-35.802 -73.158 -29.011 -70.7004
-35.802 -73.158 -16.2879 -68.1307
-35.802 -73.158 -15.2779 28.1882
-35.802 -73.158 -22.6127 -68.9111
-35.802 -73.158 -2.741 36.704
-35.802 -73.158 -0.6019 30.7382
-35.802 -73.158 -1.6557 13.6116
-35.802 -73.158 -0.7308 -59.9666
-35.802 -73.158 -21.1712 55.7399
-35.802 -73.158 -8.9489 -63.1831
-35.802 -73.158 -15.9588 -5.7457
-35.802 -73.158 -32.3797 20.8117
-35.802 -73.158 -37.0681 -12.3152
-35.802 -73.158 -38.0568 -61.9787
-35.802 -73.158 -19.2022 17.5838
-27.953 -70.821 -19.018 47.229
-27.953 -70.821 -7.9327 -14.3601
-27.953 -70.821 -51.6753 -58.0637
-27.953 -70.821 -24.9756 46.9788
-27.953 -70.821 8.8952 38.6798
-27.953 -70.821 -54.2836 -36.4879
-27.953 -70.821 -1.1271 37.2525
-27.953 -70.821 -25.0151 25.5966
-27.953 -70.821 -16.2879 -68.1307
-27.953 -70.821 -15.2779 28.1882
-27.953 -70.821 -22.6127 -68.9111
-27.953 -70.821 -2.741 36.704
-27.953 -70.821 -0.6019 30.7382
-27.953 -70.821 -1.6557 13.6116
-27.953 -70.821 -40.7328 -70.5508
-27.953 -70.821 -0.7308 -59.9666
-27.953 -70.821 -21.1712 55.7399
-27.953 -70.821 -8.9489 -63.1831
-27.953 -70.821 -15.9588 -5.7457
-27.953 -70.821 -32.3797 20.8117
-27.953 -70.821 -37.0681 -12.3152
-27.953 -70.821 -38.0568 -61.9787
-27.953 -70.821 -19.2022 17.5838
-36.227 -72.878 -19.018 47.229
-36.227 -72.878 -7.9327 -14.3601
-36.227 -72.878 -28.6141 25.2555
-36.227 -72.878 -51.6753 -58.0637
-36.227 -72.878 -24.9756 46.9788
-36.227 -72.878 8.8952 38.6798
-36.227 -72.878 -54.2836 -36.4879
-36.227 -72.878 -1.1271 37.2525
-36.227 -72.878 -25.0151 25.5966
-36.227 -72.878 -29.011 -70.7004
-36.227 -72.878 -16.2879 -68.1307
-36.227 -72.878 -15.2779 28.1882
-36.227 -72.878 -22.6127 -68.9111
-36.227 -72.878 -2.741 36.704
-36.227 -72.878 -0.6019 30.7382
-36.227 -72.878 -1.6557 13.6116
-36.227 -72.878 -0.7308 -59.9666
-36.227 -72.878 -21.1712 55.7399
-36.227 -72.878 -8.9489 -63.1831
-36.227 -72.878 -15.9588 -5.7457
-36.227 -72.878 -32.3797 20.8117
-36.227 -72.878 -37.0681 -12.3152
-36.227 -72.878 -38.0568 -61.9787
-36.227 -72.878 -19.2022 17.5838
-19.86 -68.842 -19.018 47.229
-19.86 -68.842 -7.9327 -14.3601
-19.86 -68.842 -28.6141 25.2555
-19.86 -68.842 -51.6753 -58.0637
-19.86 -68.842 -24.9756 46.9788
-19.86 -68.842 8.8952 38.6798
-19.86 -68.842 -1.1271 37.2525
-19.86 -68.842 -25.0151 25.5966
-19.86 -68.842 -29.011 -70.7004
-19.86 -68.842 -15.2779 28.1882
-19.86 -68.842 -40.7328 -70.5508
-19.86 -68.842 -0.7308 -59.9666
-19.86 -68.842 -5.8274 -35.9014
-19.86 -68.842 -8.9489 -63.1831
-19.86 -68.842 -15.9588 -5.7457
-19.86 -68.842 -32.3797 20.8117
-19.86 -68.842 -38.0568 -61.9787
-19.86 -68.842 -19.2022 17.5838
-19.86 -68.842 -37.7012 -72.3302
-19.86 -68.842 -37.9867 -72.5698
-19.86 -68.842 -37.9502 -72.8099
-19.86 -68.842 -38.2546 -73.4726
-19.86 -68.842 -36.6281 -72.5917
-19.86 -68.842 -38.2037 -72.8475
-19.86 -68.842 -37.2126 -71.8333
-19.86 -68.842 -37.9505 -73.4057
-19.86 -68.842 -36.8579 -73.0798
-19.86 -68.842 -38.0678 -72.9995
-19.86 -68.842 -37.8236 -72.9611
-19.86 -68.842 -36.5177 -72.2176
-19.86 -68.842 -36.2838 -72.5273
-19.86 -68.842 -36.3264 -72.3278
-19.86 -68.842 -36.9088 -71.4952
-19.86 -68.842 -36.805 -71.7627
-19.86 -68.842 -36.328 -71.7414
-19.86 -68.842 -36.5607 -71.5389
-19.86 -68.842 -36.4491 -71.7066
-19.86 -68.842 -36.8997 -71.9669
-19.86 -68.842 -36.7626 -72.3692
-19.86 -68.842 -36.633 -72.8588
-19.86 -68.842 -36.3961 -72.8359
-19.86 -68.842 -36.9146 -72.8353
-19.86 -68.842 -36.2216 -71.4796
-19.86 -68.842 -36.0933 -72.1077
-19.86 -68.842 -34.7405 -71.644
-19.86 -68.842 -35.0626 -71.1472
-19.86 -68.842 -34.6493 -71.2063
-19.86 -68.842 -35.7973 -71.4373
-19.86 -68.842 -35.5459 -71.3597
-19.86 -68.842 -35.2906 -71.2458
-19.86 -68.842 -35.4936 -72.0968
-19.86 -68.842 -35.9129 -72.3997
-19.86 -68.842 -35.5667 -72.6
-19.86 -68.842 -35.6587 -71.7711
-19.86 -68.842 -35.7254 -72.1296
-19.86 -68.842 -35.3979 -71.6797
-19.86 -68.842 -34.9642 -71.7886
-19.86 -68.842 -34.9062 -72.1664
-19.86 -68.842 -34.487 -71.554
-19.86 -68.842 -34.4078 -71.9708
-19.86 -68.842 -34.3707 -71.1762
-19.86 -68.842 -34.0904 -70.8296
-19.86 -68.842 -33.9787 -71.8124
-19.86 -68.842 -33.9164 -71.4198
-19.86 -68.842 -33.5997 -71.544
-19.86 -68.842 -33.3812 -71.181
-28.559 -68.124 -19.018 47.229
-28.559 -68.124 -7.9327 -14.3601
-28.559 -68.124 -28.6141 25.2555
-28.559 -68.124 -51.6753 -58.0637
-28.559 -68.124 -24.9756 46.9788
-28.559 -68.124 8.8952 38.6798
-28.559 -68.124 -54.2836 -36.4879
-28.559 -68.124 -1.1271 37.2525
-28.559 -68.124 -25.0151 25.5966
-28.559 -68.124 -16.2879 -68.1307
-28.559 -68.124 -15.2779 28.1882
-28.559 -68.124 -22.6127 -68.9111
-28.559 -68.124 -2.741 36.704
-28.559 -68.124 -1.6557 13.6116
-28.559 -68.124 -40.7328 -70.5508
-28.559 -68.124 -0.7308 -59.9666
-28.559 -68.124 -5.8274 -35.9014
-28.559 -68.124 -21.1712 55.7399
-28.559 -68.124 -8.9489 -63.1831
-28.559 -68.124 -15.9588 -5.7457
-28.559 -68.124 -32.3797 20.8117
-28.559 -68.124 -38.0568 -61.9787
-28.559 -68.124 -19.2022 17.5838
-38.1096 -73.6477 -19.018 47.229
-38.1096 -73.6477 -7.9327 -14.3601
-38.1096 -73.6477 -26.3306 -57.3309
-38.1096 -73.6477 -51.6753 -58.0637
-38.1096 -73.6477 8.8952 38.6798
-38.1096 -73.6477 -54.2836 -36.4879
-38.1096 -73.6477 -1.1271 37.2525
-38.1096 -73.6477 6.19232 -0.36842
-38.1096 -73.6477 -25.0151 25.5966
-38.1096 -73.6477 -29.011 -70.7004
-38.1096 -73.6477 -15.2779 28.1882
-38.1096 -73.6477 -22.6127 -68.9111
-38.1096 -73.6477 -2.741 36.704
-38.1096 -73.6477 -0.6019 30.7382
-38.1096 -73.6477 -1.6557 13.6116
-38.1096 -73.6477 -0.7308 -59.9666
-38.1096 -73.6477 -5.8274 -35.9014
-38.1096 -73.6477 -21.1712 55.7399
-38.1096 -73.6477 -8.9489 -63.1831
-38.1096 -73.6477 -15.9588 -5.7457
-38.1096 -73.6477 -32.3797 20.8117
-38.1096 -73.6477 -15.747 26.016
-38.1096 -73.6477 -38.0568 -61.9787
-38.1096 -73.6477 -19.2022 17.5838
-17.995 -70.4886 -19.018 47.229
-17.995 -70.4886 -7.9327 -14.3601
-17.995 -70.4886 -26.3306 -57.3309
-17.995 -70.4886 -51.6753 -58.0637
-17.995 -70.4886 8.8952 38.6798
-17.995 -70.4886 -54.2836 -36.4879
-17.995 -70.4886 -1.1271 37.2525
-17.995 -70.4886 -25.0151 25.5966
-17.995 -70.4886 -29.011 -70.7004
-17.995 -70.4886 -2.741 36.704
-17.995 -70.4886 -0.6019 30.7382
-17.995 -70.4886 -1.6557 13.6116
-17.995 -70.4886 -40.7328 -70.5508
-17.995 -70.4886 -5.8274 -35.9014
-17.995 -70.4886 -21.1712 55.7399
-17.995 -70.4886 -8.9489 -63.1831
-17.995 -70.4886 -15.9588 -5.7457
-17.995 -70.4886 -32.3797 20.8117
-17.995 -70.4886 -37.0681 -12.3152
-17.995 -70.4886 -38.0568 -61.9787
-17.995 -70.4886 -19.2022 17.5838
-13.928 -74.352 -19.018 47.229
-13.928 -74.352 -7.9327 -14.3601
-13.928 -74.352 -28.6141 25.2555
-13.928 -74.352 -26.3306 -57.3309
-13.928 -74.352 -51.6753 -58.0637
-13.928 -74.352 8.8952 38.6798
-13.928 -74.352 -54.2836 -36.4879
-13.928 -74.352 -1.1271 37.2525
-13.928 -74.352 -25.0151 25.5966
-13.928 -74.352 -29.011 -70.7004
-13.928 -74.352 -16.2879 -68.1307
-13.928 -74.352 -15.2779 28.1882
-13.928 -74.352 -22.6127 -68.9111
-13.928 -74.352 -0.6019 30.7382
-13.928 -74.352 -40.7328 -70.5508
-13.928 -74.352 -5.8274 -35.9014
-13.928 -74.352 -21.1712 55.7399
-13.928 -74.352 -8.9489 -63.1831
-13.928 -74.352 -15.9588 -5.7457
-13.928 -74.352 -32.3797 20.8117
-13.928 -74.352 -15.747 26.016
-13.928 -74.352 -37.0681 -12.3152
-13.928 -74.352 -38.0568 -61.9787
-13.928 -74.352 -19.2022 17.5838
-13.928 -74.352 -37.2877 -72.4904
-13.928 -74.352 -37.2059 -72.9806
-13.928 -74.352 -37.7012 -72.3302
-13.928 -74.352 -37.9867 -72.5698
-13.928 -74.352 -37.9502 -72.8099
-13.928 -74.352 -37.2244 -73.55
-13.928 -74.352 -38.2546 -73.4726
-13.928 -74.352 -36.6281 -72.5917
-13.928 -74.352 -38.4884 -73.1834
-13.928 -74.352 -38.2037 -72.8475
-13.928 -74.352 -37.2126 -71.8333
-13.928 -74.352 -37.9505 -73.4057
-13.928 -74.352 -36.8579 -73.0798
-13.928 -74.352 -38.0678 -72.9995
-13.928 -74.352 -36.5177 -72.2176
-13.928 -74.352 -36.2838 -72.5273
-13.928 -74.352 -36.3264 -72.3278
-13.928 -74.352 -36.9088 -71.4952
-13.928 -74.352 -36.805 -71.7627
-13.928 -74.352 -36.328 -71.7414
-13.928 -74.352 -36.4491 -71.7066
-13.928 -74.352 -36.7626 -72.3692
-13.928 -74.352 -36.798 -72.6216
-13.928 -74.352 -36.633 -72.8588
-13.928 -74.352 -36.3961 -72.8359
-13.928 -74.352 -36.9146 -72.8353
-13.928 -74.352 -36.0933 -72.1077
-13.928 -74.352 -35.0626 -71.1472
-13.928 -74.352 -35.7973 -71.4373
-13.928 -74.352 -35.8709 -71.7598
-13.928 -74.352 -35.5459 -71.3597
-13.928 -74.352 -35.7013 -71.1
-13.928 -74.352 -35.2906 -71.2458
-13.928 -74.352 -35.4936 -72.0968
-13.928 -74.352 -35.9129 -72.3997
-13.928 -74.352 -35.8775 -72.6172
-13.928 -74.352 -35.5667 -72.6
-13.928 -74.352 -35.6587 -71.7711
-13.928 -74.352 -35.7254 -72.1296
-13.928 -74.352 -35.3979 -71.6797
-13.928 -74.352 -34.9642 -71.7886
-13.928 -74.352 -34.9062 -72.1664
-13.928 -74.352 -34.487 -71.554
-13.928 -74.352 -34.4078 -71.9708
-13.928 -74.352 -34.3707 -71.1762
-13.928 -74.352 -33.7716 -70.8743
-13.928 -74.352 -34.0904 -70.8296
-13.928 -74.352 -33.9164 -71.4198
-13.928 -74.352 -33.5997 -71.544
-13.928 -74.352 -33.3812 -71.181
-55.645 -2.626 -19.018 47.229
-55.645 -2.626 -7.9327 -14.3601
-55.645 -2.626 -20.143 28.611
-55.645 -2.626 -28.6141 25.2555
-55.645 -2.626 -26.3306 -57.3309
-55.645 -2.626 -51.6753 -58.0637
-55.645 -2.626 8.8952 38.6798
-55.645 -2.626 -54.2836 -36.4879
-55.645 -2.626 -1.1271 37.2525
-55.645 -2.626 -25.0151 25.5966
-55.645 -2.626 -29.011 -70.7004
-55.645 -2.626 -16.2879 -68.1307
-55.645 -2.626 -15.2779 28.1882
-55.645 -2.626 -22.6127 -68.9111
-55.645 -2.626 -0.6019 30.7382
-55.645 -2.626 -1.6557 13.6116
-55.645 -2.626 -33.146 -70.675
-55.645 -2.626 -40.7328 -70.5508
-55.645 -2.626 -21.1712 55.7399
-55.645 -2.626 -15.9588 -5.7457
-55.645 -2.626 -23.592 -47.432
-55.645 -2.626 -32.3797 20.8117
-55.645 -2.626 -15.747 26.016
-55.645 -2.626 -37.0681 -12.3152
-55.645 -2.626 -38.0568 -61.9787
-55.645 -2.626 -19.2022 17.5838
-8.087 -71.558 -19.018 47.229
-8.087 -71.558 -7.9327 -14.3601
-8.087 -71.558 -28.6141 25.2555
-8.087 -71.558 -26.3306 -57.3309
-8.087 -71.558 -51.6753 -58.0637
-8.087 -71.558 8.8952 38.6798
-8.087 -71.558 -54.2836 -36.4879
-8.087 -71.558 -1.1271 37.2525
-8.087 -71.558 6.19232 -0.36842
-8.087 -71.558 -25.0151 25.5966
-8.087 -71.558 -29.011 -70.7004
-8.087 -71.558 -16.2879 -68.1307
-8.087 -71.558 -15.2779 28.1882
-8.087 -71.558 -22.6127 -68.9111
-8.087 -71.558 -2.741 36.704
-8.087 -71.558 -0.6019 30.7382
-8.087 -71.558 -1.6557 13.6116
-8.087 -71.558 -40.7328 -70.5508
-8.087 -71.558 -5.8274 -35.9014
-8.087 -71.558 -21.1712 55.7399
-8.087 -71.558 -8.9489 -63.1831
-8.087 -71.558 -15.9588 -5.7457
-8.087 -71.558 -32.3797 20.8117
-8.087 -71.558 -15.747 26.016
-8.087 -71.558 -37.0681 -12.3152
-8.087 -71.558 -38.0568 -61.9787
-8.087 -71.558 -19.2022 17.5838
-8.087 -71.558 -37.2877 -72.4904
-8.087 -71.558 -37.2059 -72.9806
-8.087 -71.558 -37.7012 -72.3302
-8.087 -71.558 -37.9867 -72.5698
-8.087 -71.558 -37.9502 -72.8099
-8.087 -71.558 -37.2244 -73.55
-8.087 -71.558 -38.2546 -73.4726
-8.087 -71.558 -36.6281 -72.5917
-8.087 -71.558 -38.2037 -72.8475
-8.087 -71.558 -37.2126 -71.8333
-8.087 -71.558 -37.9505 -73.4057
-8.087 -71.558 -36.8579 -73.0798
-8.087 -71.558 -38.0678 -72.9995
-8.087 -71.558 -36.5177 -72.2176
-8.087 -71.558 -36.3264 -72.3278
-8.087 -71.558 -36.9088 -71.4952
-8.087 -71.558 -36.805 -71.7627
-8.087 -71.558 -36.328 -71.7414
-8.087 -71.558 -36.4491 -71.7066
-8.087 -71.558 -36.7626 -72.3692
-8.087 -71.558 -36.798 -72.6216
-8.087 -71.558 -36.633 -72.8588
-8.087 -71.558 -36.3961 -72.8359
-8.087 -71.558 -36.9146 -72.8353
-8.087 -71.558 -36.2216 -71.4796
-8.087 -71.558 -36.0933 -72.1077
-8.087 -71.558 -35.7973 -71.4373
-8.087 -71.558 -35.8709 -71.7598
-8.087 -71.558 -35.5459 -71.3597
-8.087 -71.558 -35.7013 -71.1
-8.087 -71.558 -35.4936 -72.0968
-8.087 -71.558 -35.9129 -72.3997
-8.087 -71.558 -35.8775 -72.6172
-8.087 -71.558 -35.5667 -72.6
-8.087 -71.558 -35.6587 -71.7711
-8.087 -71.558 -35.7254 -72.1296
-8.087 -71.558 -34.9642 -71.7886
-8.087 -71.558 -34.9062 -72.1664
-8.087 -71.558 -34.487 -71.554
-8.087 -71.558 -34.4078 -71.9708
-8.087 -71.558 -34.3707 -71.1762
-8.087 -71.558 -34.0904 -70.8296
-8.087 -71.558 -33.9164 -71.4198
-8.087 -71.558 -33.5997 -71.544
-8.087 -71.558 -33.3812 -71.181
-57.369 -26.446 -19.018 47.229
-57.369 -26.446 -7.9327 -14.3601
-57.369 -26.446 -28.6141 25.2555
-57.369 -26.446 -26.3306 -57.3309
-57.369 -26.446 -51.6753 -58.0637
-57.369 -26.446 -24.9756 46.9788
-57.369 -26.446 8.8952 38.6798
-57.369 -26.446 -54.2836 -36.4879
-57.369 -26.446 -1.1271 37.2525
-57.369 -26.446 -25.0151 25.5966
-57.369 -26.446 -29.011 -70.7004
-57.369 -26.446 -16.2879 -68.1307
-57.369 -26.446 -15.2779 28.1882
-57.369 -26.446 -22.6127 -68.9111
-57.369 -26.446 -0.6019 30.7382
-57.369 -26.446 -1.6557 13.6116
-57.369 -26.446 -40.7328 -70.5508
-57.369 -26.446 -5.8274 -35.9014
-57.369 -26.446 -21.1712 55.7399
-57.369 -26.446 -8.9489 -63.1831
-57.369 -26.446 -15.9588 -5.7457
-57.369 -26.446 -32.3797 20.8117
-57.369 -26.446 -37.0681 -12.3152
-57.369 -26.446 -38.0568 -61.9787
-57.369 -26.446 -19.2022 17.5838
-57.369 -26.446 -37.2877 -72.4904
-57.369 -26.446 -37.9867 -72.5698
-57.369 -26.446 -37.9502 -72.8099
-57.369 -26.446 -36.6281 -72.5917
-57.369 -26.446 -37.2126 -71.8333
-57.369 -26.446 -37.9505 -73.4057
-57.369 -26.446 -36.8579 -73.0798
-57.369 -26.446 -37.8236 -72.9623
-57.369 -26.446 -36.5177 -72.2176
-57.369 -26.446 -36.2838 -72.5273
-57.369 -26.446 -36.3264 -72.3278
-57.369 -26.446 -36.9088 -71.4952
-57.369 -26.446 -36.328 -71.7414
-57.369 -26.446 -36.5607 -71.5389
-57.369 -26.446 -36.4491 -71.7066
-57.369 -26.446 -36.8997 -71.9669
-57.369 -26.446 -36.7626 -72.3692
-57.369 -26.446 -36.3961 -72.8359
-57.369 -26.446 -36.2216 -71.4796
-57.369 -26.446 -36.0933 -72.1077
-57.369 -26.446 -35.0626 -71.1472
-57.369 -26.446 -34.6493 -71.2063
-57.369 -26.446 -35.7973 -71.4373
-57.369 -26.446 -35.8709 -71.7598
-57.369 -26.446 -35.5459 -71.3597
-57.369 -26.446 -35.7013 -71.1
-57.369 -26.446 -35.2906 -71.2458
-57.369 -26.446 -35.4936 -72.0968
-57.369 -26.446 -35.3751 -72.4486
-57.369 -26.446 -35.9129 -72.3997
-57.369 -26.446 -35.8775 -72.6172
-57.369 -26.446 -35.5667 -72.6
-57.369 -26.446 -35.6587 -71.7711
-57.369 -26.446 -35.7254 -72.1296
-57.369 -26.446 -35.3979 -71.6797
-57.369 -26.446 -34.9642 -71.7886
-57.369 -26.446 -34.9062 -72.1664
-57.369 -26.446 -34.4078 -71.9708
-57.369 -26.446 -34.3707 -71.1762
-57.369 -26.446 -33.7716 -70.8743
-57.369 -26.446 -34.0904 -70.8296
-57.369 -26.446 -33.9787 -71.8124
-57.369 -26.446 -33.5997 -71.544
-57.369 -26.446 -33.3812 -71.181
-22.146 -68.216 -19.018 47.229
-22.146 -68.216 11.3151 40.571
-22.146 -68.216 11.3488 40.6876
-22.146 -68.216 11.4218 40.7656
-22.146 -68.216 11.6084 40.9059
-22.146 -68.216 11.6754 40.9398
-22.146 -68.216 11.727 40.9899
-22.146 -68.216 11.7762 41.0285
-22.146 -68.216 11.8166 41.0499
-22.146 -68.216 11.8998 41.1369
-22.146 -68.216 11.7415 41.2958
-22.146 -68.216 11.958 41.3098
-22.146 -68.216 11.9385 41.4546
-22.146 -68.216 11.8197 41.7526
-22.146 -68.216 11.7422 41.8373
-22.146 -68.216 11.9077 41.7914
-22.146 -68.216 12.0545 41.9258
-22.146 -68.216 -7.9327 -14.3601
-22.146 -68.216 -34.8756 -70.3871
-22.146 -68.216 -51.6753 -58.0637
-22.146 -68.216 -29.1412 -64.0643
-22.146 -68.216 -29.4556 -64.0507
-22.146 -68.216 -29.7428 -64.0143
-22.146 -68.216 -30.7717 -64.4094
-22.146 -68.216 -31.0114 -64.6479
-22.146 -68.216 -31.1382 -64.9564
-22.146 -68.216 -31.2651 -65.224
-22.146 -68.216 -31.5973 -64.5496
-22.146 -68.216 -31.9094 -64.6581
-22.146 -68.216 -32.1518 -64.9992
-22.146 -68.216 -32.4189 -65.7172
-22.146 -68.216 -32.832 -66.0802
-22.146 -68.216 -24.9756 46.9788
-22.146 -68.216 8.8952 38.6798
-22.146 -68.216 -54.2836 -36.4879
-22.146 -68.216 -7.762 35.6864
-22.146 -68.216 -1.1271 37.2525
-22.146 -68.216 -29.011 -70.7004
-22.146 -68.216 -8.4166 33.1575
-22.146 -68.216 -15.2779 28.1882
-22.146 -68.216 -8.3057 35.3132
-22.146 -68.216 -0.6019 30.7382
-22.146 -68.216 -33.1436 -70.6747
-22.146 -68.216 -6.3519 31.0613
-22.146 -68.216 -0.7308 -59.9666
-22.146 -68.216 -5.8274 -35.9014
-22.146 -68.216 -21.1712 55.7399
-22.146 -68.216 -8.9489 -63.1831
-22.146 -68.216 -10.6738 35.6507
-22.146 -68.216 -7.9531 31.6195
-22.146 -68.216 -32.3797 20.8117
-22.146 -68.216 -37.0681 -12.3152
-22.146 -68.216 -38.0568 -61.9787
-22.146 -68.216 -19.2022 17.5838
-22.146 -68.216 -37.2878 -72.4904
-22.146 -68.216 -37.2059 -72.9806
-22.146 -68.216 -37.9867 -72.5698
-22.146 -68.216 -37.9502 -72.8099
-22.146 -68.216 -38.2546 -73.4726
-22.146 -68.216 -36.6281 -72.5917
-22.146 -68.216 -37.2126 -71.8333
-22.146 -68.216 -36.8579 -73.0798
-22.146 -68.216 -37.8236 -72.9623
-22.146 -68.216 -36.9088 -71.4952
-22.146 -68.216 -36.5607 -71.5389
-22.146 -68.216 -36.7626 -72.3692
-22.146 -68.216 -36.2216 -71.4796
-22.146 -68.216 -35.0626 -71.1472
-22.146 -68.216 -34.6493 -71.2062
-22.146 -68.216 -35.7973 -71.4373
-22.146 -68.216 -35.5459 -71.3597
-22.146 -68.216 -35.2906 -71.2458
-22.146 -68.216 -35.3751 -72.4486
-22.146 -68.216 -35.9129 -72.3997
-22.146 -68.216 -35.8775 -72.6172
-22.146 -68.216 -35.5667 -72.6
-22.146 -68.216 -35.7254 -72.1296
-22.146 -68.216 -34.9642 -71.7886
-22.146 -68.216 -34.9062 -72.1664
-22.146 -68.216 -34.4078 -71.9708
-22.146 -68.216 -34.3707 -71.1762
-22.146 -68.216 -33.7716 -70.8743
-22.146 -68.216 -34.0904 -70.8296
-22.146 -68.216 -33.9164 -71.4198
-22.146 -68.216 -33.5997 -71.544
-29.1307 -13.1726 -19.018 47.229
-29.1307 -13.1726 -28.6141 25.2555
-29.1307 -13.1726 -26.3306 -57.3309
-29.1307 -13.1726 -51.6753 -58.0637
-29.1307 -13.1726 -24.9756 46.9788
-29.1307 -13.1726 8.8952 38.6798
-29.1307 -13.1726 -1.1271 37.2525
-29.1307 -13.1726 -25.0151 25.5966
-29.1307 -13.1726 -29.011 -70.7004
-29.1307 -13.1726 -16.2879 -68.1307
-29.1307 -13.1726 -15.2779 28.1882
-29.1307 -13.1726 -22.6127 -68.9111
-29.1307 -13.1726 -0.6019 30.7382
-29.1307 -13.1726 -0.7308 -59.9666
-29.1307 -13.1726 -5.8274 -35.9014
-29.1307 -13.1726 -21.1712 55.7399
-29.1307 -13.1726 -8.9489 -63.1831
-29.1307 -13.1726 -15.9588 -5.7457
-29.1307 -13.1726 -37.0681 -12.3152
-29.1307 -13.1726 -38.0568 -61.9787
-29.1307 -13.1726 -19.2022 17.5838
-29.1307 -13.1726 -34.9642 -71.7886
-29.1307 -13.1726 -34.3707 -71.1762
-29.1307 -13.1726 -33.9164 -71.4198
-17.9233 65.6174 -19.018 47.229
-17.9233 65.6174 -7.9327 -14.3601
-17.9233 65.6174 -28.6141 25.2555
-17.9233 65.6174 -26.3306 -57.3309
-17.9233 65.6174 -51.6753 -58.0637
-17.9233 65.6174 -24.9756 46.9788
-17.9233 65.6174 8.8952 38.6798
-17.9233 65.6174 -54.2836 -36.4879
-17.9233 65.6174 -1.1271 37.2525
-17.9233 65.6174 -25.0151 25.5966
-17.9233 65.6174 -29.011 -70.7004
-17.9233 65.6174 -16.2879 -68.1307
-17.9233 65.6174 -15.2779 28.1882
-17.9233 65.6174 -22.6127 -68.9111
-17.9233 65.6174 -0.7308 -59.9666
-17.9233 65.6174 -5.8274 -35.9014
-17.9233 65.6174 -21.1712 55.7399
-17.9233 65.6174 -8.9489 -63.1831
-17.9233 65.6174 -15.9588 -5.7457
-17.9233 65.6174 -38.0568 -61.9787
-17.9233 65.6174 -37.7012 -72.3302
-17.9233 65.6174 -37.9867 -72.5698
-17.9233 65.6174 -37.9502 -72.8099
-17.9233 65.6174 -37.2244 -73.55
-17.9233 65.6174 -38.2546 -73.4726
-17.9233 65.6174 -36.6281 -72.5917
-17.9233 65.6174 -38.2037 -72.8475
-17.9233 65.6174 -38.0678 -72.9995
-17.9233 65.6174 -37.8236 -72.9623
-17.9233 65.6174 -36.5177 -72.2176
-17.9233 65.6174 -36.5607 -71.5389
-17.9233 65.6174 -36.7626 -72.3692
-17.9233 65.6174 -36.798 -72.6216
-17.9233 65.6174 -36.9146 -72.8353
-17.9233 65.6174 -36.2216 -71.4796
-17.9233 65.6174 -35.0626 -71.1472
-17.9233 65.6174 -34.6493 -71.2062
-17.9233 65.6174 -35.7013 -71.1
-17.9233 65.6174 -35.2906 -71.2458
-17.9233 65.6174 -35.4936 -72.0968
-17.9233 65.6174 -35.3751 -72.4486
-17.9233 65.6174 -35.9129 -72.3997
-17.9233 65.6174 -35.8775 -72.6172
-17.9233 65.6174 -35.7254 -72.1296
-17.9233 65.6174 -35.3979 -71.6797
-17.9233 65.6174 -34.9642 -71.7886
-17.9233 65.6174 -34.9062 -72.1664
-17.9233 65.6174 -34.487 -71.554
-17.9233 65.6174 -34.4078 -71.9708
-17.9233 65.6174 -34.3707 -71.1762
-17.9233 65.6174 -34.0904 -70.8296
-17.9233 65.6174 -33.9787 -71.8124
-17.9233 65.6174 -33.9164 -71.4198
-17.9233 65.6174 -33.5997 -71.544
-17.9233 65.6174 -33.3812 -71.181
-37.034 -73.412 -19.018 47.229
-37.034 -73.412 -28.6141 25.2555
-37.034 -73.412 -26.3306 -57.3309
-37.034 -73.412 -6.186 35.748
-37.034 -73.412 -51.6753 -58.0637
-37.034 -73.412 -54.2836 -36.4879
-37.034 -73.412 -1.1271 37.2525
-37.034 -73.412 -29.011 -70.7004
-37.034 -73.412 -16.2879 -68.1307
-37.034 -73.412 -15.2779 28.1882
-37.034 -73.412 -22.6127 -68.9111
-37.034 -73.412 -0.6019 30.7382
-37.034 -73.412 -0.7308 -59.9666
-37.034 -73.412 -5.8274 -35.9014
-37.034 -73.412 -8.9489 -63.1831
-37.034 -73.412 -15.9588 -5.7457
-37.034 -73.412 -15.747 26.016
-37.034 -73.412 -37.0681 -12.3152
-37.034 -73.412 -38.0568 -61.9787
-37.034 -73.412 -19.2022 17.5838
-57.9665 -7.5846 -19.018 47.229
-57.9665 -7.5846 -7.9327 -14.3601
-57.9665 -7.5846 -26.3306 -57.3309
-57.9665 -7.5846 -51.6753 -58.0637
-57.9665 -7.5846 -24.9756 46.9788
-57.9665 -7.5846 8.8952 38.6798
-57.9665 -7.5846 -54.2836 -36.4879
-57.9665 -7.5846 -1.1271 37.2525
-57.9665 -7.5846 -29.011 -70.7004
-57.9665 -7.5846 -15.2779 28.1882
-57.9665 -7.5846 -22.6127 -68.9111
-57.9665 -7.5846 -40.7328 -70.5508
-57.9665 -7.5846 -0.7308 -59.9666
-57.9665 -7.5846 -5.8274 -35.9014
-57.9665 -7.5846 -21.1712 55.7399
-57.9665 -7.5846 -8.9489 -63.1831
-57.9665 -7.5846 -15.9588 -5.7457
-57.9665 -7.5846 -32.3797 20.8117
-57.9665 -7.5846 -37.0681 -12.3152
-57.9665 -7.5846 -38.0568 -61.9787
-57.9665 -7.5846 -19.2022 17.5838
-36.4318 -73.0504 -19.018 47.229
-36.4318 -73.0504 -7.9327 -14.3601
-36.4318 -73.0504 -28.6141 25.2555
-36.4318 -73.0504 -26.3306 -57.3309
-36.4318 -73.0504 -51.6753 -58.0637
-36.4318 -73.0504 -24.9756 46.9788
-36.4318 -73.0504 8.8952 38.6798
-36.4318 -73.0504 -1.1271 37.2525
-36.4318 -73.0504 -25.0151 25.5966
-36.4318 -73.0504 -29.011 -70.7004
-36.4318 -73.0504 -16.2879 -68.1307
-36.4318 -73.0504 -15.2779 28.1882
-36.4318 -73.0504 -22.6127 -68.9111
-36.4318 -73.0504 -0.6019 30.7382
-36.4318 -73.0504 -0.7308 -59.9666
-36.4318 -73.0504 -5.8274 -35.9014
-36.4318 -73.0504 -21.1712 55.7399
-36.4318 -73.0504 -8.9489 -63.1831
-36.4318 -73.0504 -23.592 -47.432
-36.4318 -73.0504 -32.3797 20.8117
-36.4318 -73.0504 -37.0681 -12.3152
-36.4318 -73.0504 -38.0568 -61.9787
-36.4318 -73.0504 -19.2022 17.5838
-36.4318 -73.0504 -23.0021 -46.9658
-33.106 -16.0272 -19.018 47.229
-33.106 -16.0272 -7.9327 -14.3601
-33.106 -16.0272 -28.6141 25.2555
-33.106 -16.0272 -26.3306 -57.3309
-33.106 -16.0272 -51.6753 -58.0637
-33.106 -16.0272 -24.9756 46.9788
-33.106 -16.0272 8.8952 38.6798
-33.106 -16.0272 -54.2836 -36.4879
-33.106 -16.0272 -1.1271 37.2525
-33.106 -16.0272 -25.0151 25.5966
-33.106 -16.0272 -29.011 -70.7004
-33.106 -16.0272 -16.2879 -68.1307
-33.106 -16.0272 -40.7328 -70.5508
-33.106 -16.0272 -0.7308 -59.9666
-33.106 -16.0272 -5.8274 -35.9014
-33.106 -16.0272 -21.1712 55.7399
-33.106 -16.0272 -8.9489 -63.1831
-33.106 -16.0272 -23.592 -47.432
-33.106 -16.0272 -32.3797 20.8117
-33.106 -16.0272 -38.0568 -61.9787
-33.106 -16.0272 -19.2022 17.5838
-60.7242 -23.6688 -19.018 47.229
-60.7242 -23.6688 -7.9327 -14.3601
-60.7242 -23.6688 -28.6141 25.2555
-60.7242 -23.6688 -26.3306 -57.3309
-60.7242 -23.6688 -51.6753 -58.0637
-60.7242 -23.6688 8.8952 38.6798
-60.7242 -23.6688 -54.2836 -36.4879
-60.7242 -23.6688 -1.1271 37.2525
-60.7242 -23.6688 -25.0151 25.5966
-60.7242 -23.6688 -29.011 -70.7004
-60.7242 -23.6688 -16.2879 -68.1307
-60.7242 -23.6688 -15.2779 28.1882
-60.7242 -23.6688 -22.6127 -68.9111
-60.7242 -23.6688 -40.7328 -70.5508
-60.7242 -23.6688 -0.7308 -59.9666
-60.7242 -23.6688 -5.8274 -35.9014
-60.7242 -23.6688 -8.9489 -63.1831
-60.7242 -23.6688 -15.9588 -5.7457
-60.7242 -23.6688 -32.3797 20.8117
-60.7242 -23.6688 -37.0681 -12.3152
-60.7242 -23.6688 -38.0568 -61.9787
-60.7242 -23.6688 -19.2022 17.5838
0.715 -30.272 9.0349 38.7665
0.715 -30.272 -19.018 47.229
0.715 -30.272 -7.9327 -14.3601
0.715 -30.272 -20.143 28.611
0.715 -30.272 -28.6141 25.2555
0.715 -30.272 -26.3306 -57.3309
0.715 -30.272 -51.6753 -58.0637
0.715 -30.272 8.8952 38.6798
0.715 -30.272 -1.1271 37.2525
0.715 -30.272 -25.0151 25.5966
0.715 -30.272 -29.011 -70.7004
0.715 -30.272 -16.2879 -68.1307
0.715 -30.272 -15.2779 28.1882
0.715 -30.272 -22.6127 -68.9111
0.715 -30.272 -0.6019 30.7382
0.715 -30.272 -33.146 -70.675
0.715 -30.272 -40.7328 -70.5508
0.715 -30.272 -21.1712 55.7399
0.715 -30.272 -15.9588 -5.7457
0.715 -30.272 -23.592 -47.432
0.715 -30.272 -32.3797 20.8117
0.715 -30.272 -15.747 26.016
0.715 -30.272 -37.0681 -12.3152
0.715 -30.272 -38.0568 -61.9787
0.715 -30.272 -19.2022 17.5838
-7.1812 -12.663 -19.018 47.229
-7.1812 -12.663 11.5307 42.8466
-7.1812 -12.663 -28.6141 25.2555
-7.1812 -12.663 -26.3306 -57.3309
-7.1812 -12.663 -51.6753 -58.0637
-7.1812 -12.663 -24.9756 46.9788
-7.1812 -12.663 8.8952 38.6798
-7.1812 -12.663 -54.2836 -36.4879
-7.1812 -12.663 -1.1271 37.2525
-7.1812 -12.663 -25.0151 25.5966
-7.1812 -12.663 -29.011 -70.7004
-7.1812 -12.663 -16.2879 -68.1307
-7.1812 -12.663 -15.2779 28.1882
-7.1812 -12.663 -22.6127 -68.9111
-7.1812 -12.663 -1.2739 36.8037
-7.1812 -12.663 -33.1436 -70.6749
-7.1812 -12.663 -40.7328 -70.5508
-7.1812 -12.663 -0.7308 -59.9666
-7.1812 -12.663 -5.8274 -35.9014
-7.1812 -12.663 -21.1712 55.7399
-7.1812 -12.663 -8.9489 -63.1831
-7.1812 -12.663 -15.9588 -5.7457
-7.1812 -12.663 -23.592 -47.432
-7.1812 -12.663 -32.3797 20.8117
-7.1812 -12.663 -37.0681 -12.3152
-7.1812 -12.663 -38.0568 -61.9787
-7.1812 -12.663 -19.2022 17.5838
-28.4221 -63.1463 -19.018 47.229
-28.4221 -63.1463 -7.9327 -14.3601
-28.4221 -63.1463 11.5307 42.8466
-28.4221 -63.1463 -51.6753 -58.0637
-28.4221 -63.1463 -24.9756 46.9788
-28.4221 -63.1463 8.8952 38.6798
-28.4221 -63.1463 -35.0099 -71.9303
-28.4221 -63.1463 -51.2707 -72.3381
-28.4221 -63.1463 -54.2836 -36.4879
-28.4221 -63.1463 -1.1271 37.2525
-28.4221 -63.1463 -29.011 -70.7004
-28.4221 -63.1463 -15.2779 28.1882
-28.4221 -63.1463 -22.6127 -68.9111
-28.4221 -63.1463 -1.2739 36.8037
-28.4221 -63.1463 -33.1436 -70.6749
-28.4221 -63.1463 -0.7308 -59.9666
-28.4221 -63.1463 -5.8274 -35.9014
-28.4221 -63.1463 -21.1712 55.7399
-28.4221 -63.1463 -8.9489 -63.1831
-28.4221 -63.1463 -15.9588 -5.7457
-28.4221 -63.1463 -23.592 -47.432
-28.4221 -63.1463 -32.3797 20.8117
-28.4221 -63.1463 -37.0681 -12.3152
-28.4221 -63.1463 -38.0568 -61.9787
-28.4221 -63.1463 -19.2022 17.5838
-25.741 -70.959 -19.018 47.229
-25.741 -70.959 11.5307 42.8466
-25.741 -70.959 -28.6141 25.2555
-25.741 -70.959 -26.3306 -57.3309
-25.741 -70.959 -51.6753 -58.0637
-25.741 -70.959 -24.9756 46.9788
-25.741 -70.959 8.8952 38.6798
-25.741 -70.959 -35.0099 -71.9303
-25.741 -70.959 -51.2707 -72.3381
-25.741 -70.959 -1.1271 37.2525
-25.741 -70.959 6.19232 -0.36842
-25.741 -70.959 -25.0151 25.5966
-25.741 -70.959 -29.011 -70.7004
-25.741 -70.959 -16.2879 -68.1307
-25.741 -70.959 -15.2779 28.1882
-25.741 -70.959 -22.6127 -68.9111
-25.741 -70.959 -33.1436 -70.6749
-25.741 -70.959 -40.7328 -70.5508
-25.741 -70.959 -0.7308 -59.9666
-25.741 -70.959 -5.8274 -35.9014
-25.741 -70.959 -21.1712 55.7399
-25.741 -70.959 -8.9489 -63.1831
-25.741 -70.959 -15.9588 -5.7457
-25.741 -70.959 -23.5927 -47.427
-25.741 -70.959 -32.3797 20.8117
-25.741 -70.959 -38.0568 -61.9787
-25.741 -70.959 -19.2022 17.5838
-15.3448 -65.1099 -19.018 47.229
-15.3448 -65.1099 -7.9327 -14.3601
-15.3448 -65.1099 11.5307 42.8466
-15.3448 -65.1099 -28.6141 25.2555
-15.3448 -65.1099 -26.3306 -57.3309
-15.3448 -65.1099 -51.6753 -58.0637
-15.3448 -65.1099 -24.9756 46.9788
-15.3448 -65.1099 8.8952 38.6798
-15.3448 -65.1099 -35.0099 -71.9303
-15.3448 -65.1099 -51.2707 -72.3381
-15.3448 -65.1099 -1.1271 37.2525
-15.3448 -65.1099 -25.0151 25.5966
-15.3448 -65.1099 -29.011 -70.7004
-15.3448 -65.1099 -15.2779 28.1882
-15.3448 -65.1099 -22.6127 -68.9111
-15.3448 -65.1099 -33.1436 -70.6749
-15.3448 -65.1099 -0.7308 -59.9666
-15.3448 -65.1099 -5.8274 -35.9014
-15.3448 -65.1099 -21.1712 55.7399
-15.3448 -65.1099 -8.9489 -63.1831
-15.3448 -65.1099 -15.9588 -5.7457
-15.3448 -65.1099 -23.5927 -47.427
-15.3448 -65.1099 -32.3797 20.8117
-15.3448 -65.1099 -37.0681 -12.3152
-15.3448 -65.1099 -38.0568 -61.9787
-15.3448 -65.1099 -19.2022 17.5838
-27.8658 -70.9227 -19.018 47.229
-27.8658 -70.9227 -7.9327 -14.3601
-27.8658 -70.9227 11.5307 42.8466
-27.8658 -70.9227 -28.6141 25.2555
-27.8658 -70.9227 -26.3306 -57.3309
-27.8658 -70.9227 -51.6753 -58.0637
-27.8658 -70.9227 8.8952 38.6798
-27.8658 -70.9227 -35.0099 -71.9303
-27.8658 -70.9227 -51.2707 -72.3381
-27.8658 -70.9227 -54.2836 -36.4879
-27.8658 -70.9227 -1.1271 37.2525
-27.8658 -70.9227 -25.0151 25.5966
-27.8658 -70.9227 -16.2879 -68.1307
-27.8658 -70.9227 -15.2779 28.1882
-27.8658 -70.9227 -33.1436 -70.6749
-27.8658 -70.9227 -40.7328 -70.5508
-27.8658 -70.9227 -0.7308 -59.9666
-27.8658 -70.9227 -5.8274 -35.9014
-27.8658 -70.9227 -21.1712 55.7399
-27.8658 -70.9227 -8.9489 -63.1831
-27.8658 -70.9227 -32.3797 20.8117
-27.8658 -70.9227 -37.0681 -12.3152
-27.8658 -70.9227 -38.0568 -61.9787
-27.8658 -70.9227 -19.2022 17.5838
-60.948 -56.113 -19.018 47.229
-60.948 -56.113 -7.9327 -14.3601
-60.948 -56.113 11.5307 42.8466
-60.948 -56.113 -28.6141 25.2555
-60.948 -56.113 -26.3306 -57.3309
-60.948 -56.113 -51.6753 -58.0637
-60.948 -56.113 8.8952 38.6798
-60.948 -56.113 -27.5937 -70.2347
-60.948 -56.113 -35.0099 -71.9303
-60.948 -56.113 -51.2707 -72.3381
-60.948 -56.113 -54.2836 -36.4879
-60.948 -56.113 -1.1271 37.2525
-60.948 -56.113 -25.0151 25.5966
-60.948 -56.113 -29.011 -70.7004
-60.948 -56.113 -16.2879 -68.1307
-60.948 -56.113 -15.2779 28.1882
-60.948 -56.113 -33.1436 -70.6749
-60.948 -56.113 -40.7328 -70.5508
-60.948 -56.113 -0.7308 -59.9666
-60.948 -56.113 -5.8274 -35.9014
-60.948 -56.113 -21.1712 55.7399
-60.948 -56.113 -8.9489 -63.1831
-60.948 -56.113 -15.9588 -5.7457
-60.948 -56.113 -23.5927 -47.427
-60.948 -56.113 -32.3797 20.8117
-60.948 -56.113 -37.0681 -12.3152
-60.948 -56.113 -38.0568 -61.9787
-60.948 -56.113 -19.2022 17.5838
-60.882 -55.965 -28.6141 25.2555
-60.882 -55.965 -26.3306 -57.3309
-60.882 -55.965 -51.6753 -58.0637
-60.882 -55.965 8.8952 38.6798
-60.882 -55.965 -27.5937 -70.2347
-60.882 -55.965 -35.0099 -71.9303
-60.882 -55.965 -51.2707 -72.3381
-60.882 -55.965 -54.2836 -36.4879
-60.882 -55.965 -1.1271 37.2525
-60.882 -55.965 -25.0151 25.5966
-60.882 -55.965 -29.011 -70.7004
-60.882 -55.965 -16.2879 -68.1307
-60.882 -55.965 -15.2779 28.1882
-60.882 -55.965 -33.1436 -70.6749
-60.882 -55.965 -40.7328 -70.5508
-60.882 -55.965 -0.7308 -59.9666
-60.882 -55.965 -5.8274 -35.9014
-60.882 -55.965 -21.1712 55.7399
-60.882 -55.965 -8.9489 -63.1831
-60.882 -55.965 -15.9588 -5.7457
-60.882 -55.965 -23.5927 -47.427
-60.882 -55.965 -32.3797 20.8117
-60.882 -55.965 -37.0681 -12.3152
-60.882 -55.965 -38.0568 -61.9787
-60.882 -55.965 -19.2022 17.5838
-59.0988 -16.6928 -19.018 47.229
-59.0988 -16.6928 -7.9327 -14.3601
-59.0988 -16.6928 -28.6141 25.2555
-59.0988 -16.6928 -26.3306 -57.3309
-59.0988 -16.6928 -51.6753 -58.0637
-59.0988 -16.6928 -25.1626 -69.5904
-59.0988 -16.6928 -27.5937 -70.2347
-59.0988 -16.6928 -30.1727 -70.7993
-59.0988 -16.6928 -35.0099 -71.9303
-59.0988 -16.6928 -39.5839 -71.472
-59.0988 -16.6928 -51.2707 -72.3381
-59.0988 -16.6928 -54.2836 -36.4879
-59.0988 -16.6928 -1.1271 37.2525
-59.0988 -16.6928 -25.0151 25.5966
-59.0988 -16.6928 -29.011 -70.7004
-59.0988 -16.6928 -16.2879 -68.1307
-59.0988 -16.6928 -15.2779 28.1882
-59.0988 -16.6928 -33.1436 -70.6749
-59.0988 -16.6928 -40.7328 -70.5508
-59.0988 -16.6928 -0.7308 -59.9666
-59.0988 -16.6928 -5.8274 -35.9014
-59.0988 -16.6928 -21.1712 55.7399
-59.0988 -16.6928 -8.9489 -63.1831
-59.0988 -16.6928 -15.9588 -5.7457
-59.0988 -16.6928 -23.5927 -47.427
-59.0988 -16.6928 -32.3797 20.8117
-59.0988 -16.6928 -38.0568 -61.9787
-59.0988 -16.6928 -19.2022 17.5838
-24.7351 -9.7227 -19.018 47.229
-24.7351 -9.7227 -7.9327 -14.3601
-24.7351 -9.7227 11.5307 42.8466
-24.7351 -9.7227 -28.6141 25.2555
-24.7351 -9.7227 -26.3306 -57.3309
-24.7351 -9.7227 -51.6753 -58.0637
-24.7351 -9.7227 -25.1626 -69.5904
-24.7351 -9.7227 -27.5937 -70.2347
-24.7351 -9.7227 -30.1727 -70.7993
-24.7351 -9.7227 -35.0099 -71.9303
-24.7351 -9.7227 -54.2836 -36.4879
-24.7351 -9.7227 -1.1271 37.2525
-24.7351 -9.7227 -25.0151 25.5966
-24.7351 -9.7227 -29.011 -70.7004
-24.7351 -9.7227 -16.2879 -68.1307
-24.7351 -9.7227 -15.2779 28.1882
-24.7351 -9.7227 -0.6019 30.7382
-24.7351 -9.7227 -33.1436 -70.6749
-24.7351 -9.7227 -40.7328 -70.5508
-24.7351 -9.7227 -0.7308 -59.9666
-24.7351 -9.7227 -5.8274 -35.9014
-24.7351 -9.7227 -21.1712 55.7399
-24.7351 -9.7227 -8.9489 -63.1831
-24.7351 -9.7227 -15.9588 -5.7457
-24.7351 -9.7227 -23.5927 -47.427
-24.7351 -9.7227 -32.3797 20.8117
-24.7351 -9.7227 -38.0568 -61.9787
-24.7351 -9.7227 -19.2022 17.5838
-28.818 61.737 -45.1508 -73.5089
-28.818 61.737 -46.4358 -72.672
-28.818 61.737 -28.6141 25.2555
-28.818 61.737 2.389 9.834
-28.818 61.737 2.698 13.289
-28.818 61.737 3.519 15.034
-28.818 61.737 2.385 11.268
-28.818 61.737 3.87 11.456
-28.818 61.737 4.223 10.619
-28.818 61.737 3.98 13.188
-28.818 61.737 4.481 11.634
-28.818 61.737 4.422 14.358
-28.818 61.737 5.034 9.933
-28.818 61.737 5.48 10.572
-28.818 61.737 5.546 12.312
-28.818 61.737 5.723 9.355
-28.818 61.737 5.975 11.232
-28.818 61.737 6.225 10.054
-28.818 61.737 6.467 12.62
-28.818 61.737 6.477 13.268
-28.818 61.737 6.37 10.793
-28.818 61.737 6.76 11.811
-28.818 61.737 7.265 13.548
-28.818 61.737 9.347 13.385
-28.818 61.737 9.757 13.95
-28.818 61.737 10.327 15.262
-28.818 61.737 10.619 14.372
-28.818 61.737 -26.3306 -57.3309
-28.818 61.737 -51.6753 -58.0637
-28.818 61.737 8.8952 38.6798
-28.818 61.737 -1.1271 37.2525
-28.818 61.737 -12.814 28.209
-28.818 61.737 -25.0151 25.5966
-28.818 61.737 -29.011 -70.7004
-28.818 61.737 -15.2779 28.1882
-28.818 61.737 -22.6127 -68.9111
-28.818 61.737 -0.6019 30.7382
-28.818 61.737 -33.146 -70.675
-28.818 61.737 -40.7328 -70.5508
-28.818 61.737 -21.1712 55.7399
-28.818 61.737 -8.9489 -63.1831
-28.818 61.737 -15.9588 -5.7457
-28.818 61.737 -32.3797 20.8117
-28.818 61.737 -15.747 26.016
-28.818 61.737 -19.2022 17.5838
-0.162 -17.795 9.0349 38.7665
-0.162 -17.795 -19.018 47.229
-0.162 -17.795 -7.9327 -14.3601
-0.162 -17.795 -20.143 28.611
-0.162 -17.795 -28.6141 25.2555
-0.162 -17.795 -26.3306 -57.3309
-0.162 -17.795 -51.6753 -58.0637
-0.162 -17.795 8.8952 38.6798
-0.162 -17.795 -54.2836 -36.4879
-0.162 -17.795 -1.1271 37.2525
-0.162 -17.795 -25.0151 25.5966
-0.162 -17.795 -29.011 -70.7004
-0.162 -17.795 -16.2879 -68.1307
-0.162 -17.795 -15.2779 28.1882
-0.162 -17.795 -22.6127 -68.9111
-0.162 -17.795 -33.146 -70.675
-0.162 -17.795 -40.7328 -70.5508
-0.162 -17.795 -21.1712 55.7399
-0.162 -17.795 -15.9588 -5.7457
-0.162 -17.795 -23.592 -47.432
-0.162 -17.795 -32.3797 20.8117
-0.162 -17.795 -15.747 26.016
-0.162 -17.795 -37.0681 -12.3152
-0.162 -17.795 -38.0568 -61.9787
-0.162 -17.795 -19.2022 17.5838
-24.162 -69.11 -18.5081 -52.074
-24.162 -69.11 -7.9327 -14.3601
-24.162 -69.11 -46.4358 -72.672
-24.162 -69.11 -28.6141 25.2555
-24.162 -69.11 -18.7655 -52.8393
-24.162 -69.11 2.698 13.289
-24.162 -69.11 4.223 10.619
-24.162 -69.11 3.98 13.188
-24.162 -69.11 4.481 11.634
-24.162 -69.11 4.422 14.358
-24.162 -69.11 5.034 9.933
-24.162 -69.11 5.48 10.572
-24.162 -69.11 5.723 9.355
-24.162 -69.11 5.975 11.232
-24.162 -69.11 6.37 10.793
-24.162 -69.11 10.327 15.262
-24.162 -69.11 10.619 14.372
-24.162 -69.11 -26.3306 -57.3309
-24.162 -69.11 -51.6753 -58.0637
-24.162 -69.11 8.8952 38.6798
-24.162 -69.11 -1.1271 37.2525
-24.162 -69.11 -25.0151 25.5966
-24.162 -69.11 -29.011 -70.7004
-24.162 -69.11 -16.2879 -68.1307
-24.162 -69.11 -15.2779 28.1882
-24.162 -69.11 -0.6019 30.7382
-24.162 -69.11 -1.6557 13.6116
-24.162 -69.11 -33.146 -70.675
-24.162 -69.11 -33.1436 -70.6749
-24.162 -69.11 -40.7328 -70.5508
-24.162 -69.11 -5.8274 -35.9014
-24.162 -69.11 -21.1712 55.7399
-24.162 -69.11 -8.9489 -63.1831
-24.162 -69.11 -15.9588 -5.7457
-24.162 -69.11 -32.3797 20.8117
-24.162 -69.11 -38.0568 -61.9787
-24.162 -69.11 -19.2022 17.5838
-31.302 -71.329 -45.1508 -73.5089
-31.302 -71.329 -18.5081 -52.074
-31.302 -71.329 -7.9327 -14.3601
-31.302 -71.329 -46.4358 -72.672
-31.302 -71.329 -28.6141 25.2555
-31.302 -71.329 -18.7655 -52.8393
-31.302 -71.329 2.389 9.834
-31.302 -71.329 2.698 13.289
-31.302 -71.329 2.979 11.959
-31.302 -71.329 4.223 10.619
-31.302 -71.329 3.98 13.188
-31.302 -71.329 4.481 11.634
-31.302 -71.329 4.422 14.358
-31.302 -71.329 5.034 9.933
-31.302 -71.329 5.48 10.572
-31.302 -71.329 5.546 12.312
-31.302 -71.329 5.723 9.355
-31.302 -71.329 5.975 11.232
-31.302 -71.329 6.225 10.054
-31.302 -71.329 6.467 12.62
-31.302 -71.329 6.477 13.268
-31.302 -71.329 6.37 10.793
-31.302 -71.329 7.265 13.548
-31.302 -71.329 9.347 13.385
-31.302 -71.329 9.757 13.95
-31.302 -71.329 10.327 15.262
-31.302 -71.329 10.619 14.372
-31.302 -71.329 -26.3306 -57.3309
-31.302 -71.329 -31.482 19.762
-31.302 -71.329 -51.6753 -58.0637
-31.302 -71.329 8.8952 38.6798
-31.302 -71.329 -54.2836 -36.4879
-31.302 -71.329 -1.1271 37.2525
-31.302 -71.329 -12.814 28.209
-31.302 -71.329 -25.0151 25.5966
-31.302 -71.329 -16.2879 -68.1307
-31.302 -71.329 -15.2779 28.1882
-31.302 -71.329 -22.6127 -68.9111
-31.302 -71.329 -0.6019 30.7382
-31.302 -71.329 -1.6557 13.6116
-31.302 -71.329 -40.7328 -70.5508
-31.302 -71.329 -5.8274 -35.9014
-31.302 -71.329 -21.1712 55.7399
-31.302 -71.329 -8.9489 -63.1831
-31.302 -71.329 -15.9588 -5.7457
-31.302 -71.329 -32.3797 20.8117
-31.302 -71.329 -15.747 26.016
-31.302 -71.329 -37.0681 -12.3152
-31.302 -71.329 -38.0568 -61.9787
-31.302 -71.329 -19.2022 17.5838
-26.041 -63.221 -45.1508 -73.5089
-26.041 -63.221 -18.5081 -52.074
-26.041 -63.221 -7.9327 -14.3601
-26.041 -63.221 -46.4358 -72.672
-26.041 -63.221 -28.6141 25.2555
-26.041 -63.221 -18.7655 -52.8393
-26.041 -63.221 2.389 9.834
-26.041 -63.221 2.698 13.289
-26.041 -63.221 3.519 15.034
-26.041 -63.221 2.979 11.959
-26.041 -63.221 2.942 9.914
-26.041 -63.221 2.385 11.268
-26.041 -63.221 4.234 9.328
-26.041 -63.221 4.223 10.619
-26.041 -63.221 3.98 13.188
-26.041 -63.221 4.481 11.634
-26.041 -63.221 4.422 14.358
-26.041 -63.221 5.034 9.933
-26.041 -63.221 5.48 10.572
-26.041 -63.221 5.546 12.312
-26.041 -63.221 5.723 9.355
-26.041 -63.221 5.975 11.232
-26.041 -63.221 6.467 12.62
-26.041 -63.221 6.477 13.268
-26.041 -63.221 6.37 10.793
-26.041 -63.221 6.523 14.288
-26.041 -63.221 6.76 11.811
-26.041 -63.221 7.265 13.548
-26.041 -63.221 7.359 12.667
-26.041 -63.221 8.469 13.237
-26.041 -63.221 9.347 13.385
-26.041 -63.221 9.757 13.95
-26.041 -63.221 10.327 15.262
-26.041 -63.221 10.619 14.372
-26.041 -63.221 -51.6753 -58.0637
-26.041 -63.221 -54.2836 -36.4879
-26.041 -63.221 -1.1271 37.2525
-26.041 -63.221 -12.814 28.209
-26.041 -63.221 -25.0151 25.5966
-26.041 -63.221 -29.011 -70.7004
-26.041 -63.221 -16.2879 -68.1307
-26.041 -63.221 -15.2779 28.1882
-26.041 -63.221 -22.6127 -68.9111
-26.041 -63.221 -0.6019 30.7382
-26.041 -63.221 -1.6557 13.6116
-26.041 -63.221 -33.146 -70.675
-26.041 -63.221 -33.1436 -70.6749
-26.041 -63.221 -5.8274 -35.9014
-26.041 -63.221 -21.1712 55.7399
-26.041 -63.221 -8.9489 -63.1831
-26.041 -63.221 -15.9588 -5.7457
-26.041 -63.221 -32.3797 20.8117
-26.041 -63.221 -15.747 26.016
-26.041 -63.221 -38.0568 -61.9787
-26.041 -63.221 -19.2022 17.5838
-6.268 29.673 -7.9327 -14.3601
-6.268 29.673 8.8952 38.6798
-6.268 29.673 -54.2836 -36.4879
-6.268 29.673 -1.1271 37.2525
-6.268 29.673 -12.814 28.209
-6.268 29.673 -25.0151 25.5966
-6.268 29.673 -16.2879 -68.1307
-6.268 29.673 -15.2779 28.1882
-6.268 29.673 -0.6019 30.7382
-6.268 29.673 -1.6557 13.6116
-6.268 29.673 -40.7328 -70.5508
-6.268 29.673 -5.8274 -35.9014
-6.268 29.673 -21.1712 55.7399
-6.268 29.673 -15.9588 -5.7457
-6.268 29.673 -23.5927 -47.427
-6.268 29.673 -32.3797 20.8117
-6.268 29.673 -15.747 26.016
-6.268 29.673 -37.0681 -12.3152
-6.268 29.673 -38.0568 -61.9787
-6.268 29.673 -19.2022 17.5838
-21.324 33.583 13.3528 39.7627
-21.324 33.583 13.2073 40.8572
-21.324 33.583 -45.1508 -73.5089
-21.324 33.583 -44.7475 -72.2136
-21.324 33.583 -18.5471 -52.0251
-21.324 33.583 -7.9327 -14.3601
-21.324 33.583 11.53 42.847
-21.324 33.583 -47.184 -71.9735
-21.324 33.583 -46.4358 -72.672
-21.324 33.583 -45.4793 -71.6035
-21.324 33.583 -18.425 -51.212
-21.324 33.583 -18.7655 -52.8393
-21.324 33.583 -46.5414 -71.7351
-21.324 33.583 -46.9179 -72.7351
-21.324 33.583 2.389 9.834
-21.324 33.583 3.519 15.034
-21.324 33.583 2.942 9.914
-21.324 33.583 2.385 11.268
-21.324 33.583 3.87 11.456
-21.324 33.583 3.909 9.863
-21.324 33.583 4.234 9.328
-21.324 33.583 4.223 10.619
-21.324 33.583 3.98 13.188
-21.324 33.583 4.481 11.634
-21.324 33.583 4.588 9.462
-21.324 33.583 4.422 14.358
-21.324 33.583 5.034 9.933
-21.324 33.583 5.48 10.572
-21.324 33.583 5.546 12.312
-21.324 33.583 5.723 9.355
-21.324 33.583 5.975 11.232
-21.324 33.583 6.225 10.054
-21.324 33.583 6.467 12.62
-21.324 33.583 6.477 13.268
-21.324 33.583 6.37 10.793
-21.324 33.583 6.523 14.288
-21.324 33.583 6.76 11.811
-21.324 33.583 7.265 13.548
-21.324 33.583 7.359 12.667
-21.324 33.583 8.469 13.237
-21.324 33.583 9.757 13.95
-21.324 33.583 10.327 15.262
-21.324 33.583 10.619 14.372
-21.324 33.583 -47.256 -72.592
-21.324 33.583 -45.5639 -72.0911
-21.324 33.583 -26.3306 -57.3309
-21.324 33.583 -44.7339 -72.6796
-21.324 33.583 -51.6753 -58.0637
-21.324 33.583 -46.5516 -72.2219
-21.324 33.583 8.8952 38.6798
-21.324 33.583 -54.2836 -36.4879
-21.324 33.583 -45.5578 -73.9591
-21.324 33.583 -44.686 -73.9899
-21.324 33.583 -44.4017 -73.0914
-21.324 33.583 -45.9276 -73.8312
-21.324 33.583 -17.8929 -51.4929
-21.324 33.583 -46.8318 -71.9951
-21.324 33.583 -1.1271 37.2525
-21.324 33.583 -12.814 28.209
-21.324 33.583 -29.011 -70.7004
-21.324 33.583 -16.2879 -68.1307
-21.324 33.583 -15.2779 28.1882
-21.324 33.583 5.11011 -52.6445
-21.324 33.583 -33.146 -70.675
-21.324 33.583 -33.1436 -70.6749
-21.324 33.583 -40.7328 -70.5508
-21.324 33.583 -5.8274 -35.9014
-21.324 33.583 -21.1712 55.7399
-21.324 33.583 -46.7529 -74.4599
-21.324 33.583 -8.9489 -63.1831
-21.324 33.583 11.7918 41.0034
-21.324 33.583 -15.9588 -5.7457
-21.324 33.583 12.4069 41.1879
-21.324 33.583 -32.3797 20.8117
-21.324 33.583 -15.747 26.016
-21.324 33.583 -37.0681 -12.3152
-21.324 33.583 -38.0568 -61.9787
-21.324 33.583 -19.2022 17.5838
-54.669 1.765 -45.1508 -73.5089
-54.669 1.765 -44.7475 -72.2136
-54.669 1.765 -18.5471 -52.0251
-54.669 1.765 -7.9327 -14.3601
-54.669 1.765 -46.4358 -72.672
-54.669 1.765 -28.6141 25.2555
-54.669 1.765 -45.4793 -71.6035
-54.669 1.765 -18.7655 -52.8393
-54.669 1.765 -46.5414 -71.7351
-54.669 1.765 -46.9179 -72.7351
-54.669 1.765 2.389 9.834
-54.669 1.765 3.519 15.034
-54.669 1.765 2.942 9.914
-54.669 1.765 2.385 11.268
-54.669 1.765 3.87 11.456
-54.669 1.765 3.909 9.863
-54.669 1.765 4.234 9.328
-54.669 1.765 4.223 10.619
-54.669 1.765 3.98 13.188
-54.669 1.765 4.481 11.634
-54.669 1.765 4.588 9.462
-54.669 1.765 4.422 14.358
-54.669 1.765 5.034 9.933
-54.669 1.765 5.546 12.312
-54.669 1.765 5.723 9.355
-54.669 1.765 5.975 11.232
-54.669 1.765 6.225 10.054
-54.669 1.765 6.477 13.268
-54.669 1.765 6.37 10.793
-54.669 1.765 6.523 14.288
-54.669 1.765 6.76 11.811
-54.669 1.765 7.265 13.548
-54.669 1.765 7.359 12.667
-54.669 1.765 8.469 13.237
-54.669 1.765 9.757 13.95
-54.669 1.765 10.327 15.262
-54.669 1.765 10.619 14.372
-54.669 1.765 -47.256 -72.592
-54.669 1.765 -45.5639 -72.0911
-54.669 1.765 -26.3306 -57.3309
-54.669 1.765 -51.6753 -58.0637
-54.669 1.765 -46.5516 -72.2219
-54.669 1.765 8.8952 38.6798
-54.669 1.765 -54.2836 -36.4879
-54.669 1.765 -45.5578 -73.9591
-54.669 1.765 -44.686 -73.9899
-54.669 1.765 -44.4017 -73.0914
-54.669 1.765 -45.9276 -73.8312
-54.669 1.765 -46.8318 -71.9951
-54.669 1.765 -1.1271 37.2525
-54.669 1.765 -12.814 28.209
-54.669 1.765 -25.0151 25.5966
-54.669 1.765 -29.011 -70.7004
-54.669 1.765 -16.2879 -68.1307
-54.669 1.765 -15.2779 28.1882
-54.669 1.765 -0.6019 30.7382
-54.669 1.765 5.11011 -52.6445
-54.669 1.765 -33.146 -70.675
-54.669 1.765 -33.1436 -70.6749
-54.669 1.765 -40.7328 -70.5508
-54.669 1.765 -5.8274 -35.9014
-54.669 1.765 -46.7529 -74.4599
-54.669 1.765 -8.9489 -63.1831
-54.669 1.765 -15.9588 -5.7457
-54.669 1.765 -32.3797 20.8117
-54.669 1.765 -15.747 26.016
-54.669 1.765 -37.0681 -12.3152
-54.669 1.765 -38.0568 -61.9787
-54.669 1.765 -19.2022 17.5838
-55.695 -4.232 -44.7475 -72.2136
-55.695 -4.232 -18.5471 -52.0251
-55.695 -4.232 -7.9327 -14.3601
-55.695 -4.232 -46.4358 -72.672
-55.695 -4.232 -28.6141 25.2555
-55.695 -4.232 -45.4793 -71.6035
-55.695 -4.232 -18.425 -51.212
-55.695 -4.232 -18.7655 -52.8393
-55.695 -4.232 -46.5414 -71.7351
-55.695 -4.232 -46.9179 -72.7351
-55.695 -4.232 2.389 9.834
-55.695 -4.232 3.519 15.034
-55.695 -4.232 2.385 11.268
-55.695 -4.232 3.87 11.456
-55.695 -4.232 3.909 9.863
-55.695 -4.232 4.234 9.328
-55.695 -4.232 4.223 10.619
-55.695 -4.232 3.98 13.188
-55.695 -4.232 4.481 11.634
-55.695 -4.232 4.422 14.358
-55.695 -4.232 5.034 9.933
-55.695 -4.232 5.546 12.312
-55.695 -4.232 5.723 9.355
-55.695 -4.232 5.975 11.232
-55.695 -4.232 6.225 10.054
-55.695 -4.232 6.467 12.62
-55.695 -4.232 6.477 13.268
-55.695 -4.232 6.37 10.793
-55.695 -4.232 6.523 14.288
-55.695 -4.232 6.76 11.811
-55.695 -4.232 7.265 13.548
-55.695 -4.232 7.359 12.667
-55.695 -4.232 8.469 13.237
-55.695 -4.232 9.757 13.95
-55.695 -4.232 10.327 15.262
-55.695 -4.232 10.619 14.372
-55.695 -4.232 -47.256 -72.592
-55.695 -4.232 -45.5639 -72.0911
-55.695 -4.232 -51.6753 -58.0637
-55.695 -4.232 -46.5516 -72.2219
-55.695 -4.232 -54.2836 -36.4879
-55.695 -4.232 -44.686 -73.9899
-55.695 -4.232 -45.9276 -73.8312
-55.695 -4.232 -46.8318 -71.9951
-55.695 -4.232 -1.1271 37.2525
-55.695 -4.232 -12.814 28.209
-55.695 -4.232 -25.0151 25.5966
-55.695 -4.232 -29.011 -70.7004
-55.695 -4.232 -16.2879 -68.1307
-55.695 -4.232 -15.2779 28.1882
-55.695 -4.232 5.11011 -52.6445
-55.695 -4.232 -33.146 -70.675
-55.695 -4.232 -33.1436 -70.6749
-55.695 -4.232 -40.7328 -70.5508
-55.695 -4.232 -5.8274 -35.9014
-55.695 -4.232 -21.1712 55.7399
-55.695 -4.232 -8.9489 -63.1831
-55.695 -4.232 -15.9588 -5.7457
-55.695 -4.232 -32.3797 20.8117
-55.695 -4.232 -15.747 26.016
-55.695 -4.232 -37.0681 -12.3152
-55.695 -4.232 -38.0568 -61.9787
-55.695 -4.232 -19.2022 17.5838
-59.542 -29.66 -44.7475 -72.2136
-59.542 -29.66 -18.5471 -52.0251
-59.542 -29.66 -7.9327 -14.3601
-59.542 -29.66 -46.4358 -72.672
-59.542 -29.66 -28.6141 25.2555
-59.542 -29.66 -18.425 -51.212
-59.542 -29.66 -18.7655 -52.8393
-59.542 -29.66 -46.5414 -71.7351
-59.542 -29.66 -46.9179 -72.7351
-59.542 -29.66 3.519 15.034
-59.542 -29.66 3.909 9.863
-59.542 -29.66 4.234 9.328
-59.542 -29.66 4.223 10.619
-59.542 -29.66 3.98 13.188
-59.542 -29.66 4.481 11.634
-59.542 -29.66 5.034 9.933
-59.542 -29.66 5.723 9.355
-59.542 -29.66 5.975 11.232
-59.542 -29.66 6.225 10.054
-59.542 -29.66 6.477 13.268
-59.542 -29.66 6.37 10.793
-59.542 -29.66 6.523 14.288
-59.542 -29.66 6.76 11.811
-59.542 -29.66 7.265 13.548
-59.542 -29.66 7.359 12.667
-59.542 -29.66 -47.256 -72.592
-59.542 -29.66 -45.5639 -72.0911
-59.542 -29.66 -26.3306 -57.3309
-59.542 -29.66 -44.7339 -72.6796
-59.542 -29.66 -51.6753 -58.0637
-59.542 -29.66 -54.2836 -36.4879
-59.542 -29.66 -45.5578 -73.9591
-59.542 -29.66 -44.686 -73.9899
-59.542 -29.66 -44.4017 -73.0914
-59.542 -29.66 -45.9276 -73.8312
-59.542 -29.66 -17.8929 -51.4929
-59.542 -29.66 -46.8318 -71.9951
-59.542 -29.66 -12.814 28.209
-59.542 -29.66 -25.0151 25.5966
-59.542 -29.66 -29.011 -70.7004
-59.542 -29.66 -16.2879 -68.1307
-59.542 -29.66 -15.2779 28.1882
-59.542 -29.66 5.11011 -52.6445
-59.542 -29.66 -33.146 -70.675
-59.542 -29.66 -5.8274 -35.9014
-59.542 -29.66 -21.1712 55.7399
-59.542 -29.66 -8.9489 -63.1831
-59.542 -29.66 -15.9588 -5.7457
-59.542 -29.66 -32.3797 20.8117
-59.542 -29.66 -15.747 26.016
-59.542 -29.66 -37.0681 -12.3152
-59.542 -29.66 -38.0568 -61.9787
-59.542 -29.66 -19.2022 17.5838
-60.419 -46.505 -44.7475 -72.2136
-60.419 -46.505 -18.5471 -52.0251
-60.419 -46.505 -7.9327 -14.3601
-60.419 -46.505 -47.184 -71.9735
-60.419 -46.505 -46.4358 -72.672
-60.419 -46.505 -28.6141 25.2555
-60.419 -46.505 -45.4793 -71.6035
-60.419 -46.505 -18.7655 -52.8393
-60.419 -46.505 -46.5414 -71.7351
-60.419 -46.505 -46.9179 -72.7351
-60.419 -46.505 2.389 9.834
-60.419 -46.505 3.519 15.034
-60.419 -46.505 3.87 11.456
-60.419 -46.505 3.909 9.863
-60.419 -46.505 4.234 9.328
-60.419 -46.505 4.223 10.619
-60.419 -46.505 3.98 13.188
-60.419 -46.505 4.481 11.634
-60.419 -46.505 4.422 14.358
-60.419 -46.505 5.034 9.933
-60.419 -46.505 5.975 11.232
-60.419 -46.505 6.225 10.054
-60.419 -46.505 6.477 13.268
-60.419 -46.505 6.37 10.793
-60.419 -46.505 6.523 14.288
-60.419 -46.505 6.76 11.811
-60.419 -46.505 7.265 13.548
-60.419 -46.505 7.359 12.667
-60.419 -46.505 8.469 13.237
-60.419 -46.505 9.757 13.95
-60.419 -46.505 10.327 15.262
-60.419 -46.505 10.619 14.372
-60.419 -46.505 -47.256 -72.592
-60.419 -46.505 -45.5639 -72.0911
-60.419 -46.505 -26.3306 -57.3309
-60.419 -46.505 -44.7339 -72.6796
-60.419 -46.505 -51.6753 -58.0637
-60.419 -46.505 -46.5516 -72.2219
-60.419 -46.505 -54.2836 -36.4879
-60.419 -46.505 -45.5578 -73.9591
-60.419 -46.505 -44.686 -73.9899
-60.419 -46.505 -44.4017 -73.0914
-60.419 -46.505 -45.9276 -73.8312
-60.419 -46.505 -46.8318 -71.9951
-60.419 -46.505 -12.814 28.209
-60.419 -46.505 -25.0151 25.5966
-60.419 -46.505 -29.011 -70.7004
-60.419 -46.505 -16.2879 -68.1307
-60.419 -46.505 -15.2779 28.1882
-60.419 -46.505 -0.6019 30.7382
-60.419 -46.505 5.11011 -52.6445
-60.419 -46.505 -33.146 -70.675
-60.419 -46.505 -33.1436 -70.6749
-60.419 -46.505 -40.7328 -70.5508
-60.419 -46.505 -5.8274 -35.9014
-60.419 -46.505 -21.1712 55.7399
-60.419 -46.505 -8.9489 -63.1831
-60.419 -46.505 -15.9588 -5.7457
-60.419 -46.505 -32.3797 20.8117
-60.419 -46.505 -15.747 26.016
-60.419 -46.505 -37.0681 -12.3152
-60.419 -46.505 -38.0568 -61.9787
-60.419 -46.505 -19.2022 17.5838
-29.772 -72.003 -44.7475 -72.2136
-29.772 -72.003 -18.5471 -52.0251
-29.772 -72.003 -7.9327 -14.3601
-29.772 -72.003 -28.6141 25.2555
-29.772 -72.003 -18.7655 -52.8393
-29.772 -72.003 -46.5414 -71.7351
-29.772 -72.003 2.389 9.834
-29.772 -72.003 3.519 15.034
-29.772 -72.003 2.942 9.914
-29.772 -72.003 2.385 11.268
-29.772 -72.003 3.87 11.456
-29.772 -72.003 3.909 9.863
-29.772 -72.003 4.234 9.328
-29.772 -72.003 4.223 10.619
-29.772 -72.003 3.98 13.188
-29.772 -72.003 4.481 11.634
-29.772 -72.003 4.422 14.358
-29.772 -72.003 5.034 9.933
-29.772 -72.003 5.546 12.312
-29.772 -72.003 5.723 9.355
-29.772 -72.003 5.975 11.232
-29.772 -72.003 6.225 10.054
-29.772 -72.003 6.467 12.62
-29.772 -72.003 6.477 13.268
-29.772 -72.003 6.37 10.793
-29.772 -72.003 6.76 11.811
-29.772 -72.003 7.265 13.548
-29.772 -72.003 8.469 13.237
-29.772 -72.003 9.757 13.95
-29.772 -72.003 10.327 15.262
-29.772 -72.003 10.619 14.372
-29.772 -72.003 -45.5639 -72.0911
-29.772 -72.003 -26.3306 -57.3309
-29.772 -72.003 -51.6753 -58.0637
-29.772 -72.003 -46.5516 -72.2219
-29.772 -72.003 8.8952 38.6798
-29.772 -72.003 -54.2836 -36.4879
-29.772 -72.003 -46.8318 -71.9951
-29.772 -72.003 -25.0151 25.5966
-29.772 -72.003 -16.2879 -68.1307
-29.772 -72.003 -15.2779 28.1882
-29.772 -72.003 -22.6127 -68.9111
-29.772 -72.003 -0.6019 30.7382
-29.772 -72.003 -40.7328 -70.5508
-29.772 -72.003 -5.8274 -35.9014
-29.772 -72.003 -21.1712 55.7399
-29.772 -72.003 -8.9489 -63.1831
-29.772 -72.003 -15.9588 -5.7457
-29.772 -72.003 -32.3797 20.8117
-29.772 -72.003 -37.0681 -12.3152
-29.772 -72.003 -38.0568 -61.9787
-29.772 -72.003 -19.2022 17.5838
-2.296 28.9 -19.018 47.229
-2.296 28.9 -28.6141 25.2555
-2.296 28.9 -26.3306 -57.3309
-2.296 28.9 -51.6753 -58.0637
-2.296 28.9 8.8952 38.6798
-2.296 28.9 10.0045 40.5739
-2.296 28.9 -29.011 -70.7004
-2.296 28.9 -15.2779 28.1882
-2.296 28.9 -22.6127 -68.9111
-2.296 28.9 -2.741 36.704
-2.296 28.9 -33.146 -70.675
-2.296 28.9 -40.7328 -70.5508
-2.296 28.9 -5.8274 -35.9014
-2.296 28.9 -21.1712 55.7399
-2.296 28.9 -15.9588 -5.7457
-2.296 28.9 -32.3797 20.8117
-2.296 28.9 -37.0681 -12.3152
-2.296 28.9 -19.2022 17.5838
-2.296 28.9 -31.6037 -68.7213
-27.013 -70.959 -7.9327 -14.3601
-27.013 -70.959 -18.7655 -52.8393
-27.013 -70.959 2.389 9.834
-27.013 -70.959 3.519 15.034
-27.013 -70.959 2.942 9.914
-27.013 -70.959 2.385 11.268
-27.013 -70.959 3.87 11.456
-27.013 -70.959 3.909 9.863
-27.013 -70.959 4.234 9.328
-27.013 -70.959 4.223 10.619
-27.013 -70.959 3.98 13.188
-27.013 -70.959 4.481 11.634
-27.013 -70.959 4.422 14.358
-27.013 -70.959 5.034 9.933
-27.013 -70.959 5.546 12.312
-27.013 -70.959 5.723 9.355
-27.013 -70.959 5.975 11.232
-27.013 -70.959 6.225 10.054
-27.013 -70.959 6.467 12.62
-27.013 -70.959 6.477 13.268
-27.013 -70.959 6.37 10.793
-27.013 -70.959 6.76 11.811
-27.013 -70.959 7.265 13.548
-27.013 -70.959 8.469 13.237
-27.013 -70.959 9.757 13.95
-27.013 -70.959 10.327 15.262
-27.013 -70.959 10.619 14.372
-27.013 -70.959 -26.3306 -57.3309
-27.013 -70.959 -51.6753 -58.0637
-27.013 -70.959 8.8952 38.6798
-27.013 -70.959 -54.2836 -36.4879
-27.013 -70.959 -12.814 28.209
-27.013 -70.959 -25.0151 25.5966
-27.013 -70.959 -16.2879 -68.1307
-27.013 -70.959 -15.2779 28.1882
-27.013 -70.959 -0.6019 30.7382
-27.013 -70.959 -33.146 -70.675
-27.013 -70.959 -33.1436 -70.6749
-27.013 -70.959 -40.7328 -70.5508
-27.013 -70.959 -5.8274 -35.9014
-27.013 -70.959 -21.1712 55.7399
-27.013 -70.959 -8.9489 -63.1831
-27.013 -70.959 -15.9588 -5.7457
-27.013 -70.959 -32.3797 20.8117
-27.013 -70.959 -37.0681 -12.3152
-27.013 -70.959 -38.0568 -61.9787
-27.013 -70.959 -19.2022 17.5838
1.175 -28.065 -18.5081 -52.074
1.175 -28.065 -7.9327 -14.3601
1.175 -28.065 -46.4358 -72.672
1.175 -28.065 -28.6141 25.2555
1.175 -28.065 -18.7655 -52.8393
1.175 -28.065 2.389 9.834
1.175 -28.065 2.698 13.289
1.175 -28.065 3.519 15.034
1.175 -28.065 2.942 9.914
1.175 -28.065 2.385 11.268
1.175 -28.065 4.234 9.328
1.175 -28.065 4.223 10.619
1.175 -28.065 3.98 13.188
1.175 -28.065 4.481 11.634
1.175 -28.065 4.422 14.358
1.175 -28.065 5.034 9.933
1.175 -28.065 5.546 12.312
1.175 -28.065 5.723 9.355
1.175 -28.065 5.975 11.232
1.175 -28.065 6.225 10.054
1.175 -28.065 6.467 12.62
1.175 -28.065 6.477 13.268
1.175 -28.065 6.37 10.793
1.175 -28.065 6.523 14.288
1.175 -28.065 6.76 11.811
1.175 -28.065 7.265 13.548
1.175 -28.065 7.359 12.667
1.175 -28.065 8.469 13.237
1.175 -28.065 9.347 13.385
1.175 -28.065 9.757 13.95
1.175 -28.065 10.327 15.262
1.175 -28.065 10.619 14.372
1.175 -28.065 -26.3306 -57.3309
1.175 -28.065 -51.6753 -58.0637
1.175 -28.065 8.8952 38.6798
1.175 -28.065 -17.8929 -51.4929
1.175 -28.065 -1.1271 37.2525
1.175 -28.065 -12.814 28.209
1.175 -28.065 -25.0151 25.5966
1.175 -28.065 -29.011 -70.7004
1.175 -28.065 -16.2879 -68.1307
1.175 -28.065 -15.2779 28.1882
1.175 -28.065 -22.6127 -68.9111
1.175 -28.065 -0.6019 30.7382
1.175 -28.065 -33.146 -70.675
1.175 -28.065 -33.1436 -70.6749
1.175 -28.065 -40.7328 -70.5508
1.175 -28.065 -5.8274 -35.9014
1.175 -28.065 -21.1712 55.7399
1.175 -28.065 -8.9489 -63.1831
1.175 -28.065 -15.9588 -5.7457
1.175 -28.065 -32.3797 20.8117
1.175 -28.065 -15.747 26.016
1.175 -28.065 -38.0568 -61.9787
1.175 -28.065 -19.2022 17.5838
-47.75 32.612 -18.5081 -52.074
-47.75 32.612 -28.6141 25.2555
-47.75 32.612 -18.7655 -52.8393
-47.75 32.612 2.389 9.834
-47.75 32.612 2.698 13.289
-47.75 32.612 3.519 15.034
-47.75 32.612 2.385 11.268
-47.75 32.612 3.87 11.456
-47.75 32.612 3.909 9.863
-47.75 32.612 4.234 9.328
-47.75 32.612 4.223 10.619
-47.75 32.612 3.98 13.188
-47.75 32.612 4.481 11.634
-47.75 32.612 4.422 14.358
-47.75 32.612 5.034 9.933
-47.75 32.612 5.546 12.312
-47.75 32.612 5.723 9.355
-47.75 32.612 5.975 11.232
-47.75 32.612 6.225 10.054
-47.75 32.612 6.37 10.793
-47.75 32.612 6.523 14.288
-47.75 32.612 6.76 11.811
-47.75 32.612 7.265 13.548
-47.75 32.612 8.469 13.237
-47.75 32.612 9.757 13.95
-47.75 32.612 10.327 15.262
-47.75 32.612 -51.6753 -58.0637
-47.75 32.612 8.8952 38.6798
-47.75 32.612 -1.1271 37.2525
-47.75 32.612 -25.0151 25.5966
-47.75 32.612 -29.011 -70.7004
-47.75 32.612 -16.2879 -68.1307
-47.75 32.612 -15.2779 28.1882
-47.75 32.612 -22.6127 -68.9111
-47.75 32.612 -0.6019 30.7382
-47.75 32.612 -33.146 -70.675
-47.75 32.612 -33.1436 -70.6749
-47.75 32.612 -40.7328 -70.5508
-47.75 32.612 -5.8274 -35.9014
-47.75 32.612 -8.9489 -63.1831
-47.75 32.612 -32.3797 20.8117
-47.75 32.612 -15.747 26.016
-47.75 32.612 -37.0681 -12.3152
-47.75 32.612 -38.0568 -61.9787
-47.75 32.612 -19.2022 17.5838
-36.32 -16.558 -45.1508 -73.5089
-36.32 -16.558 -7.9327 -14.3601
-36.32 -16.558 11.53 42.847
-36.32 -16.558 -46.4358 -72.672
-36.32 -16.558 -28.6141 25.2555
-36.32 -16.558 -45.4793 -71.6035
-36.32 -16.558 7.3429 -61.8256
-36.32 -16.558 -8.17683 -36.0102
-36.32 -16.558 -46.5414 -71.7351
-36.32 -16.558 -46.9179 -72.7351
-36.32 -16.558 2.385 11.268
-36.32 -16.558 4.234 9.328
-36.32 -16.558 5.723 9.355
-36.32 -16.558 6.523 14.288
-36.32 -16.558 7.265 13.548
-36.32 -16.558 9.347 13.385
-36.32 -16.558 10.619 14.372
-36.32 -16.558 -47.256 -72.592
-36.32 -16.558 -45.573 -72.0814
-36.32 -16.558 -44.7339 -72.6796
-36.32 -16.558 6.7126 -61.6392
-36.32 -16.558 -51.6753 -58.0637
-36.32 -16.558 -46.5516 -72.2219
-36.32 -16.558 8.8952 38.6798
-36.32 -16.558 -46.7268 -75.4332
-36.32 -16.558 -54.2836 -36.4879
-36.32 -16.558 -44.686 -73.9899
-36.32 -16.558 -44.748 -72.2104
-36.32 -16.558 -45.9276 -73.8312
-36.32 -16.558 -17.8929 -51.4929
-36.32 -16.558 -46.8354 -72.0094
-36.32 -16.558 -1.1271 37.2525
-36.32 -16.558 -25.0151 25.5966
-36.32 -16.558 -29.011 -70.7004
-36.32 -16.558 -16.2879 -68.1307
-36.32 -16.558 -46.6611 -73.8586
-36.32 -16.558 -15.2779 28.1882
-36.32 -16.558 -46.6419 -72.7981
-36.32 -16.558 -22.6127 -68.9111
-36.32 -16.558 7.4169 -65.1881
-36.32 -16.558 -0.6019 30.7382
-36.32 -16.558 -46.7256 -72.9362
-36.32 -16.558 8.3274 -64.2946
-36.32 -16.558 8.0344 -62.655
-36.32 -16.558 -40.7328 -70.5508
-36.32 -16.558 -46.1773 -74.4319
-36.32 -16.558 -17.6003 -54.8796
-36.32 -16.558 8.5019 -63.625
-36.32 -16.558 -5.8274 -35.9014
-36.32 -16.558 -21.1712 55.7399
-36.32 -16.558 -45.9068 -72.3212
-36.32 -16.558 -46.2217 -74.0101
-36.32 -16.558 -47.4767 -72.5414
-36.32 -16.558 -46.7529 -74.4599
-36.32 -16.558 -8.9489 -63.1831
-36.32 -16.558 -15.9588 -5.7457
-36.32 -16.558 -32.3797 20.8117
-36.32 -16.558 -38.0568 -61.9787
-36.32 -16.558 -19.2022 17.5838
-36.32 -16.558 -46.1207 -72.1607
-36.32 -16.558 -45.1755 -72.1425
-36.32 -16.558 8.3597 -65.1951
-47.09 33.62 -44.7475 -72.2136
-47.09 33.62 -7.9327 -14.3601
-47.09 33.62 -28.6141 25.2555
-47.09 33.62 -18.7655 -52.8393
-47.09 33.62 2.385 11.268
-47.09 33.62 3.87 11.456
-47.09 33.62 4.234 9.328
-47.09 33.62 5.723 9.355
-47.09 33.62 6.523 14.288
-47.09 33.62 7.265 13.548
-47.09 33.62 9.347 13.385
-47.09 33.62 -26.3306 -57.3309
-47.09 33.62 -51.6753 -58.0637
-47.09 33.62 8.8952 38.6798
-47.09 33.62 -46.7268 -75.4332
-47.09 33.62 -54.2836 -36.4879
-47.09 33.62 -45.5578 -73.9591
-47.09 33.62 -1.1271 37.2525
-47.09 33.62 -25.0151 25.5966
-47.09 33.62 -16.2879 -68.1307
-47.09 33.62 -15.2779 28.1882
-47.09 33.62 -22.6127 -68.9111
-47.09 33.62 -0.6019 30.7382
-47.09 33.62 5.11011 -52.6445
-47.09 33.62 -33.1436 -70.6749
-47.09 33.62 -40.7328 -70.5508
-47.09 33.62 -5.8274 -35.9014
-47.09 33.62 -46.7529 -74.4599
-47.09 33.62 -8.9489 -63.1831
-47.09 33.62 -15.9588 -5.7457
-47.09 33.62 -32.3797 20.8117
-47.09 33.62 -37.0681 -12.3152
-47.09 33.62 -38.0568 -61.9787
-47.09 33.62 -19.2022 17.5838
-47.09 33.62 -46.1207 -72.1607
-6.224 29.83 -45.1508 -73.5089
-6.224 29.83 -44.7475 -72.2136
-6.224 29.83 -18.5471 -52.0251
-6.224 29.83 -7.9327 -14.3601
-6.224 29.83 11.53 42.847
-6.224 29.83 12.6753 40.5231
-6.224 29.83 12.6421 40.5243
-6.224 29.83 -45.4793 -71.6035
-6.224 29.83 -18.7655 -52.8393
-6.224 29.83 2.385 11.268
-6.224 29.83 3.87 11.456
-6.224 29.83 4.234 9.328
-6.224 29.83 5.723 9.355
-6.224 29.83 7.265 13.548
-6.224 29.83 9.347 13.385
-6.224 29.83 10.619 14.372
-6.224 29.83 -45.5639 -72.0911
-6.224 29.83 -26.3306 -57.3309
-6.224 29.83 -44.7339 -72.6796
-6.224 29.83 -51.6753 -58.0637
-6.224 29.83 -46.5516 -72.2219
-6.224 29.83 8.8952 38.6798
-6.224 29.83 -45.5578 -73.9591
-6.224 29.83 -44.686 -73.9899
-6.224 29.83 -45.9276 -73.8312
-6.224 29.83 -17.8929 -51.4929
-6.224 29.83 -1.1271 37.2525
-6.224 29.83 -25.0151 25.5966
-6.224 29.83 -16.2879 -68.1307
-6.224 29.83 -15.2779 28.1882
-6.224 29.83 -0.6019 30.7382
-6.224 29.83 5.11011 -52.6445
-6.224 29.83 -33.146 -70.675
-6.224 29.83 -33.1436 -70.6749
-6.224 29.83 -40.7328 -70.5508
-6.224 29.83 -5.8274 -35.9014
-6.224 29.83 -46.7529 -74.4599
-6.224 29.83 -8.9489 -63.1831
-6.224 29.83 -15.9588 -5.7457
-6.224 29.83 12.4832 40.3144
-6.224 29.83 -37.0681 -12.3152
-6.224 29.83 -38.0568 -61.9787
-6.224 29.83 -19.2022 17.5838
-6.224 29.83 -46.1207 -72.1607
