5.2902 100.6492 -3.4625 114.8411
5.2902 100.6492 0.32642 101.03964
5.2902 100.6492 -4.31346 129.54272
5.2902 100.6492 5.49642 95.29617
5.2902 100.6492 -6.1428 120.4904
5.2902 100.6492 -8.214 114.3557
5.2902 100.6492 -7.7837 108.44852
5.2902 100.6492 -7.00755 109.18358
5.2902 100.6492 -6.5538 106.7497
5.2902 100.6492 -8.50189 118.31213
5.2902 100.6492 -8.27321 113.44415
5.2902 100.6492 1.3036 97.5754
5.2902 100.6492 -1.6764 103.576
5.2902 100.6492 3.52218 97.77157
5.2902 100.6492 -3.6517 102.59298
5.2902 100.6492 5.22861 96.94693
5.2902 100.6492 -3.82662 103.52333
5.2902 100.6492 -5.01747 104.05891
5.2902 100.6492 4.26685 96.40398
5.2902 100.6492 -8.63571 122.23761
5.2902 100.6492 -4.36048 102.95571
5.2902 100.6492 0.7955 99.57963
5.2902 100.6492 -0.94183 114.89592
5.2902 100.6492 -2.7047 111.6697
5.2902 100.6492 -0.0547 98.28
5.2902 100.6492 -8.19466 111.17709
5.2902 100.6492 -2.2262 113.9453
5.2902 100.6492 -2.90243 104.69925
5.2902 100.6492 -3.50085 118.91494
5.2902 100.6492 -2.16154 106.13637
5.2902 100.6492 -0.45503 100.3968
5.2902 100.6492 2.69518 98.92393
5.2902 100.6492 -0.3491 102.33382
5.2902 100.6492 2.6951 98.9239
5.2902 100.6492 1.39876 99.43094
5.2902 100.6492 -0.93252 101.428
5.2902 100.6492 -2.3924 102.5927
5.2902 100.6492 -2.75637 107.65342
5.2902 100.6492 0.91836 104.52629
5.2902 100.6492 3.2618 97.1774
5.2902 100.6492 2.0256 98.9594
5.2902 100.6492 1.3608 103.7729
5.2902 100.6492 1.7922 103.8467
5.2902 100.6492 2.4529 112.214
5.2902 100.6492 2.6938 98.9237
5.2902 100.6492 0.95555 99.52943
5.2902 100.6492 1.08917 99.44053
5.2902 100.6492 1.08917 99.44053
5.2902 100.6492 1.17067 99.39525
5.2902 100.6492 1.25377 99.33233
5.2902 100.6492 1.25377 99.33233
5.2902 100.6492 1.33087 99.30995
5.2902 100.6492 1.38713 99.21077
5.2902 100.6492 -3.18735 102.16715
5.2902 100.6492 0.31413 100.10747
5.2902 100.6492 0.31413 100.10747
5.2902 100.6492 0.33352 99.91967
5.2902 100.6492 0.45015 100.03327
5.2902 100.6492 0.58878 99.93788
5.2902 100.6492 0.62843 99.71877
5.2902 100.6492 0.76205 99.54202
5.2902 100.6492 -0.26343 100.4399
5.2902 100.6492 -0.21448 100.321
5.2902 100.6492 -0.05458 100.21925
5.2902 100.6492 0.10017 100.20533
5.2902 100.6492 0.21332 100.1232
5.2902 100.6492 2.54797 96.11155
5.2902 100.6492 -2.126 101.5622
5.2902 100.6492 -2.3499 99.8394
5.2902 100.6492 -0.64755 100.59552
5.2902 100.6492 0.60582 99.29737
5.2902 100.6492 1.47135 99.04407
5.2902 100.6492 0.6458 100.86738
5.2902 100.6492 0.80247 100.4697
5.2902 100.6492 0.80247 100.4697
5.2902 100.6492 0.97093 100.25243
5.2902 100.6492 1.1455 99.76162
5.2902 100.6492 1.47355 99.32468
5.2902 100.6492 1.4654 99.46853
5.2902 100.6492 1.4926 99.59563
5.2902 100.6492 1.55093 99.6945
5.2902 100.6492 1.62625 99.743
5.2902 100.6492 1.63527 99.88305
5.2902 100.6492 -1.79962 99.26833
5.2902 100.6492 -1.44 101.3596
5.2902 100.6492 -1.5843 101.1453
5.2902 100.6492 -2.9666 100.39962
5.2902 100.6492 -1.12473 100.35335
5.2902 100.6492 -0.34423 100.02677
5.2902 100.6492 -0.26533 100.15047
5.2902 100.6492 -0.30515 100.2638
5.2902 100.6492 -0.30515 100.2638
5.2902 100.6492 -0.12907 100.51952
5.2902 100.6492 -0.08793 100.65052
5.2902 100.6492 0.10308 100.72978
5.2902 100.6492 0.10308 100.72978
5.2902 100.6492 0.34352 100.81833
5.2902 100.6492 0.3466 100.96153
5.2902 100.6492 -1.89813 101.29898
5.2902 100.6492 -2.1915 99.729
5.2902 100.6492 -1.2589 100.473
5.2902 100.6492 -0.399 99.9442
5.2902 100.6492 0.17138 98.59027
5.2902 100.6492 -1.5758 99.19373
5.2902 100.6492 -1.32636 99.08943
5.2902 100.6492 -1.12702 98.97259
5.2902 100.6492 -0.92233 98.91017
-5.63733 132.74977 -21.1143 134.02499
-5.63733 132.74977 -5.48845 122.56946
-5.63733 132.74977 -1.5107 134.17731
-5.63733 132.74977 -0.8628 131.25919
1.8381 127.7879 -10.4501 105.6884
1.8381 127.7879 -21.5827 133.7128
1.8381 127.7879 -24.3875 133.28709
1.8381 127.7879 -24.9233 133.3019
1.8381 127.7879 -3.4625 114.8411
1.8381 127.7879 -5.32184 120.12244
1.8381 127.7879 -7.55569 107.81495
1.8381 127.7879 -7.309 107.13
1.8381 127.7879 -8.6774 115.2097
1.8381 127.7879 -8.27321 113.44415
1.8381 127.7879 -2.51451 140.7043
1.8381 127.7879 -6.7344 108.2631
1.8381 127.7879 0.57454 123.89067
1.8381 127.7879 -1.04181 122.77164
1.8381 127.7879 -5.01747 104.05891
1.8381 127.7879 -2.6892 118.909
1.8381 127.7879 0.3374 119.898
1.8381 127.7879 -3.34612 128.92847
1.8381 127.7879 -0.9258 134.04311
1.8381 127.7879 -1.5107 134.17731
1.8381 127.7879 -6.17194 106.64692
1.8381 127.7879 -8.73818 116.88214
6.0443 116.2147 -5.32184 120.12244
6.0443 116.2147 -5.8511 112.6578
6.0443 116.2147 -8.214 114.3557
6.0443 116.2147 -7.7837 108.44852
6.0443 116.2147 -7.309 107.13
6.0443 116.2147 0.7628 122.87
6.0443 116.2147 -3.2995 116.1668
6.0443 116.2147 -4.48604 104.17823
6.0443 116.2147 -2.44736 101.2396
6.0443 116.2147 -8.63571 122.23761
6.0443 116.2147 -2.6892 118.909
6.0443 116.2147 0.47708 121.94059
6.0443 116.2147 -2.5547 120.3241
6.0443 116.2147 -7.36754 111.46126
6.0443 116.2147 -8.19466 111.17709
6.0443 116.2147 -2.2262 113.9453
6.0443 116.2147 -8.7006 117.7219
6.0443 116.2147 -8.02191 111.80415
6.0443 116.2147 -0.3491 102.33382
6.0443 116.2147 0.53021 117.60435
6.0443 116.2147 -3.9646 119.76908
6.0443 116.2147 -6.17194 106.64692
6.0443 116.2147 -6.172 106.647
6.0443 116.2147 1.1214 120.79446
6.0443 116.2147 -8.73818 116.88214
6.0443 116.2147 -3.7611 102.2714
6.0443 116.2147 -9.64112 119.39117
6.0443 116.2147 2.4529 112.214
6.0443 116.2147 -8.028 110.342
6.0443 116.2147 -3.18735 102.16715
6.0443 116.2147 0.31413 100.10747
6.0443 116.2147 0.62843 99.71877
6.0443 116.2147 -0.64755 100.59552
6.0443 116.2147 -0.56638 100.34948
6.0443 116.2147 -0.34423 100.02677
7.0697 125.579 -2.0432 147.3662
7.0697 125.579 -0.91078 121.64867
7.0697 125.579 -4.31346 129.54272
7.0697 125.579 -6.69805 106.93495
7.0697 125.579 -7.55569 107.81495
7.0697 125.579 -7.7187 109.015
7.0697 125.579 -8.50189 118.31213
7.0697 125.579 -8.6774 115.2097
7.0697 125.579 -2.91923 132.26503
7.0697 125.579 1.8381 127.7879
7.0697 125.579 0.7628 122.87
7.0697 125.579 -8.818 115.146
7.0697 125.579 -8.47031 114.15205
7.0697 125.579 -2.51451 140.7043
7.0697 125.579 -6.7344 108.2631
7.0697 125.579 -3.2995 116.1668
7.0697 125.579 -3.95743 122.61926
7.0697 125.579 -4.17172 121.65125
7.0697 125.579 -4.83629 104.87045
7.0697 125.579 0.57454 123.89067
7.0697 125.579 -7.33319 108.93123
7.0697 125.579 -8.15215 112.45064
7.0697 125.579 -0.63789 127.50082
7.0697 125.579 -3.82662 103.52333
7.0697 125.579 -1.04181 122.77164
7.0697 125.579 -2.6892 118.909
7.0697 125.579 1.44397 124.83998
7.0697 125.579 0.47708 121.94059
7.0697 125.579 -0.94183 114.89592
7.0697 125.579 -0.9258 134.04311
7.0697 125.579 -0.90548 119.83665
7.0697 125.579 -8.19466 111.17709
7.0697 125.579 -2.2262 113.9453
7.0697 125.579 -8.7006 117.7219
7.0697 125.579 -8.02191 111.80415
7.0697 125.579 -2.0497 125.9881
7.0697 125.579 0.53021 117.60435
7.0697 125.579 3.68598 125.52859
7.0697 125.579 -2.5283 121.3345
7.0697 125.579 -0.44614 117.20855
7.0697 125.579 -0.8628 131.25919
7.0697 125.579 -7.73485 111.76682
7.0697 125.579 3.32712 117.57037
7.0697 125.579 -6.17194 106.64692
7.0697 125.579 0.77206 127.3669
7.0697 125.579 1.1214 120.79446
7.0697 125.579 -8.73818 116.88214
7.0697 125.579 -7.91248 110.52192
7.0697 125.579 -9.64112 119.39117
7.0697 125.579 -7.83715 110.92361
7.0697 125.579 -16.102 126.601
7.0697 125.579 -17.34617 126.0985
7.0697 125.579 1.3608 103.7729
7.0697 125.579 -7.62696 109.77509
7.0697 125.579 -7.42463 109.74207
7.0697 125.579 -7.05743 110.21441
7.0697 125.579 -7.08947 110.55443
7.0697 125.579 6.0443 116.2147
7.0697 125.579 1.7922 103.8467
7.0697 125.579 1.4733 110.3083
7.0697 125.579 2.4529 112.214
7.0697 125.579 -7.8869 110.4357
7.0697 125.579 -2.6125 100.1051
-19.9336 134.36 -23.666 133.90401
-19.9336 134.36 -22.643 114.234
-19.9336 134.36 -15.6769 128.7627
-19.9336 134.36 -12.8436 131.13271
-19.9336 134.36 -21.5725 119.8458
-19.9336 134.36 -20.5577 139.60519
-19.9336 134.36 -19.9264 137.78149
-19.9336 134.36 -7.74536 113.59501
-19.9336 134.36 -8.48 119.8921
-19.9336 134.36 -0.63789 127.50082
-19.9336 134.36 -0.9258 134.04311
-19.9336 134.36 -1.5107 134.17731
-19.9336 134.36 -8.73818 116.88214
-19.9336 134.36 -5.0142 119.7517
-19.9336 134.36 -16.0128 128.0
-19.9336 134.36 -17.2813 127.4645
-19.9336 134.36 -16.102 126.601
-19.9336 134.36 -17.34617 126.0985
-19.9336 134.36 -24.9649 114.8013
-19.9336 134.36 -23.1531 114.5476
-19.9336 134.36 -7.87747 110.31186
-19.9336 134.36 -7.42463 109.74207
-19.9336 134.36 -16.967 135.78391
-19.9336 134.36 -22.2748 131.3672
-19.9336 134.36 -21.6755 140.97501
-19.9336 134.36 -22.7182 144.4989
-19.9336 134.36 -22.2564 137.9579
-19.9336 134.36 -22.9605 135.6676
-19.9336 134.36 -23.9436 119.9672
-19.9336 134.36 -9.73914 150.81198
-19.9336 134.36 -9.96187 151.16342
-3.82662 103.52333 -10.4501 105.6884
-3.82662 103.52333 -7.79564 114.23418
-3.82662 103.52333 -10.2189 120.5777
-3.82662 103.52333 -7.33298 109.70958
-3.82662 103.52333 0.32642 101.03964
-3.82662 103.52333 -5.32184 120.12244
-3.82662 103.52333 -4.40052 120.10652
-3.82662 103.52333 -5.8511 112.6578
-3.82662 103.52333 -6.69805 106.93495
-3.82662 103.52333 -7.55569 107.81495
-3.82662 103.52333 -7.7837 108.44852
-3.82662 103.52333 -7.309 107.13
-3.82662 103.52333 -7.00755 109.18358
-3.82662 103.52333 -6.5538 106.7497
-3.82662 103.52333 -8.6774 115.2097
-3.82662 103.52333 -6.7344 108.2631
-3.82662 103.52333 3.52218 97.77157
-3.82662 103.52333 -8.36404 115.60964
-3.82662 103.52333 -7.04116 113.91572
-3.82662 103.52333 -7.33319 108.93123
-3.82662 103.52333 4.45725 97.97037
-3.82662 103.52333 -6.8266 107.61759
-3.82662 103.52333 5.22861 96.94693
-3.82662 103.52333 4.26685 96.40398
-3.82662 103.52333 1.44397 124.83998
-3.82662 103.52333 0.7955 99.57963
-3.82662 103.52333 0.3374 119.898
-3.82662 103.52333 -3.34612 128.92847
-3.82662 103.52333 -8.19466 111.17709
-3.82662 103.52333 -8.7006 117.7219
-3.82662 103.52333 -0.45503 100.3968
-3.82662 103.52333 -2.766 100.01
-3.82662 103.52333 2.69518 98.92393
-3.82662 103.52333 -8.02191 111.80415
-3.82662 103.52333 -0.3491 102.33382
-3.82662 103.52333 -8.4597 114.942
-3.82662 103.52333 -6.11116 106.13242
-3.82662 103.52333 -7.681 109.16892
-3.82662 103.52333 -0.93252 101.428
-3.82662 103.52333 -7.00527 106.563
-3.82662 103.52333 -7.04907 110.44077
-3.82662 103.52333 -6.17194 106.64692
-3.82662 103.52333 -6.172 106.647
-3.82662 103.52333 0.77206 127.3669
-3.82662 103.52333 0.91836 104.52629
-3.82662 103.52333 3.2618 97.1774
-3.82662 103.52333 3.50118 98.56457
-3.82662 103.52333 -3.04508 119.81897
-3.82662 103.52333 -8.73818 116.88214
-3.82662 103.52333 -7.91248 110.52192
-3.82662 103.52333 -7.83715 110.92361
-3.82662 103.52333 -7.8166 110.295
-3.82662 103.52333 2.4529 112.214
-3.82662 103.52333 7.1735 100.619
-3.82662 103.52333 0.95555 99.52943
-3.82662 103.52333 1.08917 99.44053
-3.82662 103.52333 1.08917 99.44053
-3.82662 103.52333 -0.21448 100.321
-3.82662 103.52333 0.21332 100.1232
-3.82662 103.52333 -2.3499 99.8394
-3.82662 103.52333 1.1455 99.76162
-3.82662 103.52333 -2.852 100.2754
-3.82662 103.52333 -2.9593 100.1946
-3.82662 103.52333 1.4654 99.46853
-3.82662 103.52333 1.55093 99.6945
-3.82662 103.52333 -1.79962 99.26833
-3.82662 103.52333 -2.1915 99.729
-3.82662 103.52333 -1.5059 100.6313
-3.82662 103.52333 -1.50593 100.63127
-3.82662 103.52333 -0.05455 98.28
-3.82662 103.52333 0.17138 98.59027
-3.82662 103.52333 -1.32636 99.08943
-5.48845 122.56946 -20.0876 146.25
-5.48845 122.56946 -15.6769 128.7627
-5.48845 122.56946 -21.5725 119.8458
-5.48845 122.56946 -10.4501 105.6884
-5.48845 122.56946 -19.9264 137.78149
-5.48845 122.56946 -19.871 136.9541
-5.48845 122.56946 -21.1143 134.02499
-5.48845 122.56946 -21.5827 133.7128
-5.48845 122.56946 -23.4014 133.4827
-5.48845 122.56946 -24.9233 133.3019
-5.48845 122.56946 -3.68711 128.19429
-5.48845 122.56946 -3.6871 128.194
-5.48845 122.56946 -7.79564 114.23418
-5.48845 122.56946 -7.33298 109.70958
-5.48845 122.56946 0.32642 101.03964
-5.48845 122.56946 -5.8511 112.6578
-5.48845 122.56946 -8.214 114.3557
-5.48845 122.56946 -6.73437 108.26301
-5.48845 122.56946 -7.55569 107.81495
-5.48845 122.56946 -7.7837 108.44852
-5.48845 122.56946 -7.309 107.13
-5.48845 122.56946 -7.00755 109.18358
-5.48845 122.56946 -6.5538 106.7497
-5.48845 122.56946 -8.50189 118.31213
-5.48845 122.56946 -8.6774 115.2097
-5.48845 122.56946 -8.7497 121.6903
-5.48845 122.56946 -8.27321 113.44415
-5.48845 122.56946 -6.91443 112.47935
-5.48845 122.56946 0.7628 122.87
-5.48845 122.56946 -8.818 115.146
-5.48845 122.56946 -2.51451 140.7043
-5.48845 122.56946 -3.2995 116.1668
-5.48845 122.56946 -8.36404 115.60964
-5.48845 122.56946 -8.42189 116.09493
-5.48845 122.56946 -7.04116 113.91572
-5.48845 122.56946 -3.6616 133.70441
-5.48845 122.56946 0.57454 123.89067
-5.48845 122.56946 -3.31836 128.39473
-5.48845 122.56946 -2.0912 101.46193
-5.48845 122.56946 -0.63789 127.50082
-5.48845 122.56946 -3.82662 103.52333
-5.48845 122.56946 -5.01747 104.05891
-5.48845 122.56946 -4.48604 104.17823
-5.48845 122.56946 -2.6892 118.909
-5.48845 122.56946 1.44397 124.83998
-5.48845 122.56946 0.7955 99.57963
-5.48845 122.56946 0.3374 119.898
-5.48845 122.56946 0.47708 121.94059
-5.48845 122.56946 -3.34612 128.92847
-5.48845 122.56946 -8.4597 114.942
-5.48845 122.56946 -7.36754 111.46126
-5.48845 122.56946 -3.23897 127.09982
-5.48845 122.56946 -0.90548 119.83665
-5.48845 122.56946 -8.19466 111.17709
-5.48845 122.56946 -2.2262 113.9453
-5.48845 122.56946 -2.90243 104.69925
-5.48845 122.56946 -3.50085 118.91494
-5.48845 122.56946 -8.02191 111.80415
-5.48845 122.56946 -8.4597 114.942
-5.48845 122.56946 -6.11116 106.13242
-5.48845 122.56946 0.53021 117.60435
-5.48845 122.56946 -7.73485 111.76682
-5.48845 122.56946 -2.5283 121.3345
-5.48845 122.56946 -0.44614 117.20855
-5.48845 122.56946 -3.9646 119.76908
-5.48845 122.56946 -8.08474 115.21261
-5.48845 122.56946 -1.87552 136.23996
-5.48845 122.56946 -6.17194 106.64692
-5.48845 122.56946 1.1214 120.79446
-5.48845 122.56946 -2.75637 107.65342
-5.48845 122.56946 -3.04508 119.81897
-5.48845 122.56946 -8.73818 116.88214
-5.48845 122.56946 -9.64112 119.39117
-5.48845 122.56946 -7.83715 110.92361
-5.48845 122.56946 4.4795 101.0255
-5.48845 122.56946 1.7922 103.8467
-5.48845 122.56946 5.1777 118.498
-5.48845 122.56946 2.4529 112.214
-5.48845 122.56946 7.1735 100.619
-5.48845 122.56946 1.33087 99.30995
-5.48845 122.56946 1.38713 99.21077
-5.48845 122.56946 -3.18735 102.16715
-5.48845 122.56946 -0.26343 100.4399
-5.48845 122.56946 0.10017 100.20533
-5.48845 122.56946 0.21332 100.1232
-5.48845 122.56946 0.60582 99.29737
-5.48845 122.56946 0.80247 100.4697
-5.48845 122.56946 0.97093 100.25243
-5.48845 122.56946 -2.9593 100.1946
-5.48845 122.56946 1.47355 99.32468
-5.48845 122.56946 1.4654 99.46853
-5.48845 122.56946 -0.30515 100.2638
-5.48845 122.56946 0.34352 100.81833
-5.48845 122.56946 -0.05455 98.28
8.59549 99.60196 2.6938 98.9237
-7.9125 110.5231 -18.102 125.639
-7.9125 110.5231 -15.6769 128.7627
-7.9125 110.5231 -21.5725 119.8458
-7.9125 110.5231 -10.4501 105.6884
-7.9125 110.5231 -7.79564 114.23418
-7.9125 110.5231 -0.91078 121.64867
-7.9125 110.5231 -3.4625 114.8411
-7.9125 110.5231 -1.10732 116.90483
-7.9125 110.5231 0.32642 101.03964
-7.9125 110.5231 -7.74536 113.59501
-7.9125 110.5231 -8.214 114.3557
-7.9125 110.5231 -6.69805 106.93495
-7.9125 110.5231 -7.309 107.13
-7.9125 110.5231 -6.5538 106.7497
-7.9125 110.5231 -8.50189 118.31213
-7.9125 110.5231 -8.6774 115.2097
-7.9125 110.5231 -0.4793 104.5778
-7.9125 110.5231 -8.818 115.146
-7.9125 110.5231 -8.47031 114.15205
-7.9125 110.5231 -3.2995 116.1668
-7.9125 110.5231 -8.36404 115.60964
-7.9125 110.5231 -8.42189 116.09493
-7.9125 110.5231 -4.6871 104.7317
-7.9125 110.5231 -7.04116 113.91572
-7.9125 110.5231 -6.8266 107.61759
-7.9125 110.5231 5.22861 96.94693
-7.9125 110.5231 -3.82662 103.52333
-7.9125 110.5231 -5.01747 104.05891
-7.9125 110.5231 -4.48604 104.17823
-7.9125 110.5231 -2.6892 118.909
-7.9125 110.5231 -4.36048 102.95571
-7.9125 110.5231 0.7955 99.57963
-7.9125 110.5231 -0.94183 114.89592
-7.9125 110.5231 -8.636 116.1707
-7.9125 110.5231 -8.4597 114.942
-7.9125 110.5231 -8.7006 117.7219
-7.9125 110.5231 -2.2262 113.9453
-7.9125 110.5231 -2.90243 104.69925
-7.9125 110.5231 -0.45503 100.3968
-7.9125 110.5231 -2.766 100.01
-7.9125 110.5231 -5.84445 105.742
-7.9125 110.5231 -0.3491 102.33382
-7.9125 110.5231 -8.4597 114.942
-7.9125 110.5231 -6.11116 106.13242
-7.9125 110.5231 3.68598 125.52859
-7.9125 110.5231 -7.00527 106.563
-7.9125 110.5231 -8.08474 115.21261
-7.9125 110.5231 -6.17194 106.64692
-7.9125 110.5231 -6.172 106.647
-7.9125 110.5231 -2.75637 107.65342
-7.9125 110.5231 -8.73818 116.88214
-7.9125 110.5231 7.1735 100.619
-7.9125 110.5231 0.95555 99.52943
-7.9125 110.5231 1.08917 99.44053
-7.9125 110.5231 1.08917 99.44053
-7.9125 110.5231 1.17067 99.39525
-7.9125 110.5231 1.25377 99.33233
-7.9125 110.5231 1.25377 99.33233
-7.9125 110.5231 1.33087 99.30995
-7.9125 110.5231 1.38713 99.21077
-7.9125 110.5231 0.31413 100.10747
-7.9125 110.5231 0.31413 100.10747
-7.9125 110.5231 0.33352 99.91967
-7.9125 110.5231 0.45015 100.03327
-7.9125 110.5231 0.58878 99.93788
-7.9125 110.5231 0.62843 99.71877
-7.9125 110.5231 0.62843 99.71877
-7.9125 110.5231 0.76205 99.54202
-7.9125 110.5231 -3.0766 100.2846
-7.9125 110.5231 -0.26343 100.4399
-7.9125 110.5231 -0.05458 100.21925
-7.9125 110.5231 0.10017 100.20533
-7.9125 110.5231 0.21332 100.1232
-7.9125 110.5231 -2.126 101.5622
-7.9125 110.5231 -2.3499 99.8394
-7.9125 110.5231 -0.64755 100.59552
-7.9125 110.5231 0.60582 99.29737
-7.9125 110.5231 0.60582 99.29737
-7.9125 110.5231 1.47135 99.04407
-7.9125 110.5231 -3.5291 102.0347
-7.9125 110.5231 -2.852 100.2754
-7.9125 110.5231 -5.3526 102.2715
-7.9125 110.5231 -2.9593 100.1946
-7.9125 110.5231 1.47355 99.32468
-7.9125 110.5231 1.63527 99.88305
-7.9125 110.5231 -1.79962 99.26833
-7.9125 110.5231 -1.79962 99.26833
-7.9125 110.5231 -1.99397 99.6037
-7.9125 110.5231 -2.9666 100.39962
-7.9125 110.5231 -0.08793 100.65052
-7.9125 110.5231 -2.6125 100.1051
-0.911762 100.461723 -7.33298 109.70958
-0.911762 100.461723 -6.69805 106.93495
-0.911762 100.461723 -6.5538 106.7497
-0.911762 100.461723 1.3036 97.5754
-0.911762 100.461723 -1.6764 103.576
-0.911762 100.461723 -5.52361 104.49596
-0.911762 100.461723 -4.83629 104.87045
-0.911762 100.461723 -3.6517 102.59298
-0.911762 100.461723 -3.82662 103.52333
-0.911762 100.461723 -5.01747 104.05891
-0.911762 100.461723 -4.48604 104.17823
-0.911762 100.461723 -4.36048 102.95571
-0.911762 100.461723 -2.90243 104.69925
-0.911762 100.461723 -3.50085 118.91494
-0.911762 100.461723 2.69518 98.92393
-0.911762 100.461723 -8.02191 111.80415
-0.911762 100.461723 -6.11116 106.13242
-0.911762 100.461723 0.06562 111.47715
-0.911762 100.461723 -7.73485 111.76682
-0.911762 100.461723 -2.75637 107.65342
-0.911762 100.461723 0.91836 104.52629
-0.911762 100.461723 -6.41913 110.94734
-0.911762 100.461723 1.3608 103.7729
-0.911762 100.461723 4.4795 101.0255
-0.911762 100.461723 6.0443 116.2147
-0.911762 100.461723 1.7922 103.8467
-0.911762 100.461723 5.2902 100.6492
-0.911762 100.461723 -5.3526 102.2715
-0.911762 100.461723 0.56918 97.71065
-0.911762 100.461723 0.75653 97.88217
-0.911762 100.461723 0.98978 97.6177
-0.911762 100.461723 1.04963 97.75698
-0.4793 104.5778 -10.4501 105.6884
-0.4793 104.5778 -7.79564 114.23418
-0.4793 104.5778 0.32642 101.03964
-0.4793 104.5778 -6.73437 108.26301
-0.4793 104.5778 -7.55569 107.81495
-0.4793 104.5778 -7.7837 108.44852
-0.4793 104.5778 -7.00755 109.18358
-0.4793 104.5778 -8.50189 118.31213
-0.4793 104.5778 1.3036 97.5754
-0.4793 104.5778 -3.2995 116.1668
-0.4793 104.5778 3.52218 97.77157
-0.4793 104.5778 -3.95743 122.61926
-0.4793 104.5778 -8.42189 116.09493
-0.4793 104.5778 -7.04116 113.91572
-0.4793 104.5778 -7.33319 108.93123
-0.4793 104.5778 -2.0912 101.46193
-0.4793 104.5778 -3.6517 102.59298
-0.4793 104.5778 -3.82662 103.52333
-0.4793 104.5778 -3.14152 102.23961
-0.4793 104.5778 -4.48604 104.17823
-0.4793 104.5778 0.7955 99.57963
-0.4793 104.5778 -7.36754 111.46126
-0.4793 104.5778 -8.19466 111.17709
-0.4793 104.5778 -3.50085 118.91494
-0.4793 104.5778 -0.45503 100.3968
-0.4793 104.5778 -2.766 100.01
-0.4793 104.5778 -8.02191 111.80415
-0.4793 104.5778 -8.4597 114.942
-0.4793 104.5778 -6.11116 106.13242
-0.4793 104.5778 1.39876 99.43094
-0.4793 104.5778 -0.93252 101.428
-0.4793 104.5778 -1.3265 99.0895
-0.4793 104.5778 -7.00527 106.563
-0.4793 104.5778 -7.04907 110.44077
-0.4793 104.5778 -3.04508 119.81897
-0.4793 104.5778 -8.73818 116.88214
-0.4793 104.5778 -3.7611 102.2714
-0.4793 104.5778 -7.91248 110.52192
-0.4793 104.5778 -6.41913 110.94734
-0.4793 104.5778 -7.8166 110.295
-0.4793 104.5778 4.4795 101.0255
-0.4793 104.5778 5.1777 118.498
-0.4793 104.5778 2.4529 112.214
-0.4793 104.5778 2.6938 98.9237
-0.4793 104.5778 0.95555 99.52943
-0.4793 104.5778 1.25377 99.33233
-0.4793 104.5778 0.58878 99.93788
-0.4793 104.5778 -1.3251 100.9401
-0.4793 104.5778 -3.1451 100.4541
-0.4793 104.5778 -0.21448 100.321
-0.4793 104.5778 -1.0064 100.71173
-0.4793 104.5778 0.97093 100.25243
-0.4793 104.5778 -1.7457 100.8003
-0.4793 104.5778 -1.5843 101.1453
-0.4793 104.5778 -1.12473 100.35335
-0.4793 104.5778 -0.30515 100.2638
-0.4793 104.5778 -2.1915 99.729
-0.4793 104.5778 -1.50593 100.63127
-0.4793 104.5778 0.17138 98.59027
-21.159 119.7313 -23.666 133.90401
-21.159 119.7313 -18.102 125.639
-21.159 119.7313 -22.643 114.234
-21.159 119.7313 -20.5577 139.60519
-21.159 119.7313 -19.9243 134.339
-21.159 119.7313 -19.9254 134.36549
-21.159 119.7313 -10.4501 105.6884
-21.159 119.7313 -21.1143 134.02499
-21.159 119.7313 -22.1528 133.4899
-21.159 119.7313 -24.2939 116.9552
-21.159 119.7313 -9.4092 147.1539
-21.159 119.7313 -7.9125 110.5231
-21.159 119.7313 -3.68711 128.19429
-21.159 119.7313 -3.6871 128.194
-21.159 119.7313 -0.91078 121.64867
-21.159 119.7313 -7.74536 113.59501
-21.159 119.7313 -6.1428 120.4904
-21.159 119.7313 -7.7187 109.015
-21.159 119.7313 -7.7837 108.44852
-21.159 119.7313 -8.7497 121.6903
-21.159 119.7313 -6.7344 108.2631
-21.159 119.7313 -3.95743 122.61926
-21.159 119.7313 -4.83629 104.87045
-21.159 119.7313 -7.33319 108.93123
-21.159 119.7313 -3.31836 128.39473
-21.159 119.7313 -8.15215 112.45064
-21.159 119.7313 4.45725 97.97037
-21.159 119.7313 -8.63571 122.23761
-21.159 119.7313 -2.5547 120.3241
-21.159 119.7313 -0.94183 114.89592
-21.159 119.7313 -3.23897 127.09982
-21.159 119.7313 -8.7006 117.7219
-21.159 119.7313 -2.90243 104.69925
-21.159 119.7313 -8.4597 114.942
-21.159 119.7313 -6.11116 106.13242
-21.159 119.7313 -7.681 109.16892
-21.159 119.7313 -8.08474 115.21261
-21.159 119.7313 -7.73485 111.76682
-21.159 119.7313 -7.91248 110.52192
-21.159 119.7313 -23.1531 114.5476
-21.159 119.7313 1.3608 103.7729
-21.159 119.7313 -7.45577 110.83399
-21.159 119.7313 -7.03357 109.73565
-21.159 119.7313 -7.05743 110.21441
-21.159 119.7313 -7.08947 110.55443
-21.159 119.7313 6.0443 116.2147
-21.159 119.7313 1.7922 103.8467
-21.159 119.7313 2.4529 112.214
-21.159 119.7313 -21.6755 140.97501
-21.159 119.7313 -22.7182 144.4989
-21.159 119.7313 -22.9605 135.6676
-21.159 119.7313 -7.9179 110.1982
-21.159 119.7313 -3.0766 100.2846
-21.159 119.7313 -3.1451 100.4541
-3.4625 114.8411 -23.666 133.90401
-3.4625 114.8411 -15.6769 128.7627
-3.4625 114.8411 -21.5725 119.8458
-3.4625 114.8411 -20.5577 139.60519
-3.4625 114.8411 -19.9619 134.33971
-3.4625 114.8411 -10.4501 105.6884
-3.4625 114.8411 -19.3058 135.3559
-3.4625 114.8411 -19.432 134.54449
-3.4625 114.8411 -18.8731 134.0455
-3.4625 114.8411 -21.5827 133.7128
-3.4625 114.8411 -22.7386 133.48061
-3.4625 114.8411 -23.4014 133.4827
-3.4625 114.8411 -3.68711 128.19429
-3.4625 114.8411 -3.6871 128.194
-3.4625 114.8411 -7.79564 114.23418
-3.4625 114.8411 -10.2189 120.5777
-3.4625 114.8411 -10.2065 123.6633
-3.4625 114.8411 -5.48845 122.56946
-3.4625 114.8411 -7.33298 109.70958
-3.4625 114.8411 -5.32184 120.12244
-3.4625 114.8411 -7.74536 113.59501
-3.4625 114.8411 -4.40052 120.10652
-3.4625 114.8411 -6.1428 120.4904
-3.4625 114.8411 -5.8511 112.6578
-3.4625 114.8411 -8.214 114.3557
-3.4625 114.8411 -6.69805 106.93495
-3.4625 114.8411 -7.55569 107.81495
-3.4625 114.8411 -7.7837 108.44852
-3.4625 114.8411 -7.309 107.13
-3.4625 114.8411 -7.00755 109.18358
-3.4625 114.8411 -6.5538 106.7497
-3.4625 114.8411 -8.50189 118.31213
-3.4625 114.8411 -8.6774 115.2097
-3.4625 114.8411 -0.4793 104.5778
-3.4625 114.8411 -8.7497 121.6903
-3.4625 114.8411 -5.3526 102.2767
-3.4625 114.8411 -8.27321 113.44415
-3.4625 114.8411 -6.91443 112.47935
-3.4625 114.8411 1.3036 97.5754
-3.4625 114.8411 -8.818 115.146
-3.4625 114.8411 -8.47031 114.15205
-3.4625 114.8411 -6.7344 108.2631
-3.4625 114.8411 -1.6764 103.576
-3.4625 114.8411 3.52218 97.77157
-3.4625 114.8411 -3.95743 122.61926
-3.4625 114.8411 -8.36404 115.60964
-3.4625 114.8411 -4.83629 104.87045
-3.4625 114.8411 -8.42189 116.09493
-3.4625 114.8411 -4.6871 104.7317
-3.4625 114.8411 -7.04116 113.91572
-3.4625 114.8411 -3.6616 133.70441
-3.4625 114.8411 -7.33319 108.93123
-3.4625 114.8411 -2.0912 101.46193
-3.4625 114.8411 -8.15215 112.45064
-3.4625 114.8411 -3.6517 102.59298
-3.4625 114.8411 4.45725 97.97037
-3.4625 114.8411 5.22861 96.94693
-3.4625 114.8411 -3.82662 103.52333
-3.4625 114.8411 -5.01747 104.05891
-3.4625 114.8411 -3.14152 102.23961
-3.4625 114.8411 -4.48604 104.17823
-3.4625 114.8411 -8.63571 122.23761
-3.4625 114.8411 -2.6892 118.909
-3.4625 114.8411 -4.36048 102.95571
-3.4625 114.8411 0.3374 119.898
-3.4625 114.8411 0.47708 121.94059
-3.4625 114.8411 -3.34612 128.92847
-3.4625 114.8411 -0.9258 134.04311
-3.4625 114.8411 -7.36754 111.46126
-3.4625 114.8411 -3.23897 127.09982
-3.4625 114.8411 -0.0547 98.28
-3.4625 114.8411 -0.90548 119.83665
-3.4625 114.8411 -8.19466 111.17709
-3.4625 114.8411 -3.50085 118.91494
-3.4625 114.8411 -0.45503 100.3968
-3.4625 114.8411 -2.766 100.01
-3.4625 114.8411 2.69518 98.92393
-3.4625 114.8411 -8.02191 111.80415
-3.4625 114.8411 -0.3491 102.33382
-3.4625 114.8411 -8.4597 114.942
-3.4625 114.8411 -6.11116 106.13242
-3.4625 114.8411 1.39876 99.43094
-3.4625 114.8411 -7.681 109.16892
-3.4625 114.8411 -0.93252 101.428
-3.4625 114.8411 0.53021 117.60435
-3.4625 114.8411 3.68598 125.52859
-3.4625 114.8411 -7.73485 111.76682
-3.4625 114.8411 -1.3265 99.0895
-3.4625 114.8411 -7.00527 106.563
-3.4625 114.8411 -0.44614 117.20855
-3.4625 114.8411 -7.04907 110.44077
-3.4625 114.8411 2.40893 96.32671
-3.4625 114.8411 -3.9646 119.76908
-3.4625 114.8411 -8.08474 115.21261
-3.4625 114.8411 0.06562 111.47715
-3.4625 114.8411 -7.73485 111.76682
-3.4625 114.8411 -6.17194 106.64692
-3.4625 114.8411 -6.172 106.647
-3.4625 114.8411 0.77206 127.3669
-3.4625 114.8411 1.1214 120.79446
-3.4625 114.8411 -2.75637 107.65342
-3.4625 114.8411 3.2618 97.1774
-3.4625 114.8411 -3.04508 119.81897
-3.4625 114.8411 -8.73818 116.88214
-3.4625 114.8411 -3.7611 102.2714
-3.4625 114.8411 -7.91248 110.52192
-3.4625 114.8411 -6.41913 110.94734
-3.4625 114.8411 -9.64112 119.39117
-3.4625 114.8411 -7.83715 110.92361
-3.4625 114.8411 -9.66897 120.29767
-3.4625 114.8411 -7.8166 110.295
-3.4625 114.8411 2.4529 112.214
-3.4625 114.8411 2.6938 98.9237
-3.4625 114.8411 1.08917 99.44053
-3.4625 114.8411 1.33087 99.30995
-3.4625 114.8411 1.38713 99.21077
-3.4625 114.8411 -3.18735 102.16715
-3.4625 114.8411 0.31413 100.10747
-3.4625 114.8411 0.31413 100.10747
-3.4625 114.8411 0.62843 99.71877
-3.4625 114.8411 0.76205 99.54202
-3.4625 114.8411 -1.3251 100.9401
-3.4625 114.8411 -1.0064 100.71173
-3.4625 114.8411 -5.3526 102.2715
-3.4625 114.8411 -1.99397 99.6037
-3.4625 114.8411 -2.9666 100.39962
-3.4625 114.8411 -2.9616 101.4728
-3.4625 114.8411 -0.26533 100.15047
-3.4625 114.8411 0.10308 100.72978
-3.4625 114.8411 0.10308 100.72978
-3.4625 114.8411 -1.5059 100.6313
-3.4625 114.8411 0.98978 97.6177
-3.4625 114.8411 1.04963 97.75698
-5.0142 119.7517 -18.102 125.639
-5.0142 119.7517 -22.643 114.234
-5.0142 119.7517 -15.6769 128.7627
-5.0142 119.7517 -21.5725 119.8458
-5.0142 119.7517 -10.4501 105.6884
-5.0142 119.7517 -21.73 119.3954
-5.0142 119.7517 -22.2823 117.6658
-5.0142 119.7517 -3.68711 128.19429
-5.0142 119.7517 -3.6871 128.194
-5.0142 119.7517 -7.79564 114.23418
-5.0142 119.7517 -0.91078 121.64867
-5.0142 119.7517 -10.2189 120.5777
-5.0142 119.7517 -10.2065 123.6633
-5.0142 119.7517 -3.4625 114.8411
-5.0142 119.7517 -1.10732 116.90483
-5.0142 119.7517 0.32642 101.03964
-5.0142 119.7517 -8.54 118.6926
-5.0142 119.7517 5.49642 95.29617
-5.0142 119.7517 -5.8511 112.6578
-5.0142 119.7517 -8.214 114.3557
-5.0142 119.7517 -6.69805 106.93495
-5.0142 119.7517 -7.55569 107.81495
-5.0142 119.7517 -8.50189 118.31213
-5.0142 119.7517 -8.6774 115.2097
-5.0142 119.7517 -0.4793 104.5778
-5.0142 119.7517 -8.7497 121.6903
-5.0142 119.7517 -8.27321 113.44415
-5.0142 119.7517 -8.818 115.146
-5.0142 119.7517 -8.47031 114.15205
-5.0142 119.7517 -3.2995 116.1668
-5.0142 119.7517 -3.95743 122.61926
-5.0142 119.7517 -8.36404 115.60964
-5.0142 119.7517 -4.83629 104.87045
-5.0142 119.7517 -8.42189 116.09493
-5.0142 119.7517 -7.04116 113.91572
-5.0142 119.7517 0.57454 123.89067
-5.0142 119.7517 -7.33319 108.93123
-5.0142 119.7517 -8.15215 112.45064
-5.0142 119.7517 -8.48 119.8921
-5.0142 119.7517 -1.04181 122.77164
-5.0142 119.7517 -3.14152 102.23961
-5.0142 119.7517 -4.48604 104.17823
-5.0142 119.7517 -2.44736 101.2396
-5.0142 119.7517 -4.36048 102.95571
-5.0142 119.7517 0.7955 99.57963
-5.0142 119.7517 0.3374 119.898
-5.0142 119.7517 0.47708 121.94059
-5.0142 119.7517 -0.94183 114.89592
-5.0142 119.7517 -8.636 116.1707
-5.0142 119.7517 -0.9258 134.04311
-5.0142 119.7517 -8.4597 114.942
-5.0142 119.7517 -7.36754 111.46126
-5.0142 119.7517 -3.23897 127.09982
-5.0142 119.7517 -2.7047 111.6697
-5.0142 119.7517 -0.90548 119.83665
-5.0142 119.7517 -0.91176 100.46172
-5.0142 119.7517 -2.2262 113.9453
-5.0142 119.7517 -8.7006 117.7219
-5.0142 119.7517 -2.2262 113.9453
-5.0142 119.7517 -2.90243 104.69925
-5.0142 119.7517 -2.16154 106.13637
-5.0142 119.7517 2.69518 98.92393
-5.0142 119.7517 -0.3491 102.33382
-5.0142 119.7517 -1.5107 134.17731
-5.0142 119.7517 -8.4597 114.942
-5.0142 119.7517 -2.0497 125.9881
-5.0142 119.7517 0.53021 117.60435
-5.0142 119.7517 -8.08474 115.21261
-5.0142 119.7517 0.06562 111.47715
-5.0142 119.7517 -6.8179 111.8481
-5.0142 119.7517 -6.8679 109.121
-5.0142 119.7517 0.77206 127.3669
-5.0142 119.7517 1.1214 120.79446
-5.0142 119.7517 0.91836 104.52629
-5.0142 119.7517 -8.73818 116.88214
-5.0142 119.7517 -6.41913 110.94734
-5.0142 119.7517 -9.66897 120.29767
-5.0142 119.7517 -24.9649 114.8013
-5.0142 119.7517 1.7922 103.8467
-5.0142 119.7517 2.6938 98.9237
-5.0142 119.7517 -7.5265 110.45359
-5.0142 119.7517 -7.7599 110.6344
-5.0142 119.7517 1.08917 99.44053
-5.0142 119.7517 1.08917 99.44053
-5.0142 119.7517 1.17067 99.39525
-5.0142 119.7517 1.38713 99.21077
-5.0142 119.7517 0.31413 100.10747
-5.0142 119.7517 -0.21448 100.321
-5.0142 119.7517 0.10017 100.20533
-5.0142 119.7517 -0.64755 100.59552
-5.0142 119.7517 0.60582 99.29737
-5.0142 119.7517 1.63527 99.88305
-5.0142 119.7517 -0.34423 100.02677
-5.0142 119.7517 -0.30515 100.2638
-5.0142 119.7517 0.10308 100.72978
-5.0142 119.7517 -0.40687 98.50791
-22.643 114.234 -15.6769 128.7627
-22.643 114.234 -20.5577 139.60519
-22.643 114.234 -19.9243 134.339
-22.643 114.234 -19.9254 134.36549
-22.643 114.234 -10.4501 105.6884
-22.643 114.234 -18.8731 134.0455
-22.643 114.234 -21.5827 133.7128
-22.643 114.234 -10.2065 123.6633
-22.643 114.234 -5.48845 122.56946
-22.643 114.234 -4.40052 120.10652
-22.643 114.234 -6.1428 120.4904
-22.643 114.234 -7.55569 107.81495
-22.643 114.234 -7.309 107.13
-22.643 114.234 -6.5538 106.7497
-22.643 114.234 -0.4793 104.5778
-22.643 114.234 -5.3526 102.2767
-22.643 114.234 -6.7344 108.2631
-22.643 114.234 -1.6764 103.576
-22.643 114.234 -5.52361 104.49596
-22.643 114.234 -4.17172 121.65125
-22.643 114.234 -8.42189 116.09493
-22.643 114.234 5.22861 96.94693
-22.643 114.234 -2.44736 101.2396
-22.643 114.234 -8.51812 140.41414
-22.643 114.234 -7.36754 111.46126
-22.643 114.234 -8.7006 117.7219
-22.643 114.234 2.69518 98.92393
-22.643 114.234 -0.3491 102.33382
-22.643 114.234 -8.4597 114.942
-22.643 114.234 -2.3924 102.5927
-22.643 114.234 2.40893 96.32671
-22.643 114.234 -7.73485 111.76682
-22.643 114.234 3.2618 97.1774
-4.09593 138.95004 -20.0876 146.25
-4.09593 138.95004 -15.6769 128.7627
-4.09593 138.95004 -3.68711 128.19429
-4.09593 138.95004 -3.34612 128.92847
-4.09593 138.95004 -1.87552 136.23996
1.3608 103.7729 -15.6769 128.7627
1.3608 103.7729 -21.5725 119.8458
1.3608 103.7729 -23.6735 117.6157
1.3608 103.7729 -3.68711 128.19429
1.3608 103.7729 -3.6871 128.194
1.3608 103.7729 -7.79564 114.23418
1.3608 103.7729 -10.2189 120.5777
1.3608 103.7729 -3.4625 114.8411
1.3608 103.7729 -5.48845 122.56946
1.3608 103.7729 -5.32184 120.12244
1.3608 103.7729 -7.74536 113.59501
1.3608 103.7729 -6.1428 120.4904
1.3608 103.7729 -5.8511 112.6578
1.3608 103.7729 -6.69805 106.93495
1.3608 103.7729 -6.73437 108.26301
1.3608 103.7729 -7.55569 107.81495
1.3608 103.7729 -7.309 107.13
1.3608 103.7729 -6.5538 106.7497
1.3608 103.7729 -8.7497 121.6903
1.3608 103.7729 -8.27321 113.44415
1.3608 103.7729 1.3036 97.5754
1.3608 103.7729 0.7628 122.87
1.3608 103.7729 -8.818 115.146
1.3608 103.7729 -8.47031 114.15205
1.3608 103.7729 -6.7344 108.2631
1.3608 103.7729 -1.6764 103.576
1.3608 103.7729 -5.52361 104.49596
1.3608 103.7729 3.52218 97.77157
1.3608 103.7729 -3.95743 122.61926
1.3608 103.7729 -4.83629 104.87045
1.3608 103.7729 -7.04116 113.91572
1.3608 103.7729 0.57454 123.89067
1.3608 103.7729 -7.33319 108.93123
1.3608 103.7729 4.45725 97.97037
1.3608 103.7729 5.22861 96.94693
1.3608 103.7729 -3.82662 103.52333
1.3608 103.7729 -5.01747 104.05891
1.3608 103.7729 -3.14152 102.23961
1.3608 103.7729 -4.48604 104.17823
1.3608 103.7729 -2.44736 101.2396
1.3608 103.7729 -8.63571 122.23761
1.3608 103.7729 -4.36048 102.95571
1.3608 103.7729 0.7955 99.57963
1.3608 103.7729 -3.34612 128.92847
1.3608 103.7729 -0.9258 134.04311
1.3608 103.7729 -7.36754 111.46126
1.3608 103.7729 -2.7047 111.6697
1.3608 103.7729 -0.0547 98.28
1.3608 103.7729 -0.90548 119.83665
1.3608 103.7729 -8.19466 111.17709
1.3608 103.7729 -2.2262 113.9453
1.3608 103.7729 -2.90243 104.69925
1.3608 103.7729 -2.16154 106.13637
1.3608 103.7729 -0.45503 100.3968
1.3608 103.7729 -2.766 100.01
1.3608 103.7729 2.69518 98.92393
1.3608 103.7729 2.6951 98.9239
1.3608 103.7729 -6.11116 106.13242
1.3608 103.7729 1.39876 99.43094
1.3608 103.7729 -7.681 109.16892
1.3608 103.7729 -0.93252 101.428
1.3608 103.7729 0.53021 117.60435
1.3608 103.7729 -2.3924 102.5927
1.3608 103.7729 2.40893 96.32671
1.3608 103.7729 -8.08474 115.21261
1.3608 103.7729 0.06562 111.47715
1.3608 103.7729 -0.8628 131.25919
1.3608 103.7729 -7.73485 111.76682
1.3608 103.7729 -6.8179 111.8481
1.3608 103.7729 -6.17194 106.64692
1.3608 103.7729 -6.172 106.647
1.3608 103.7729 -2.75637 107.65342
1.3608 103.7729 2.0256 98.9594
1.3608 103.7729 3.50118 98.56457
1.3608 103.7729 -3.7611 102.2714
1.3608 103.7729 -6.41913 110.94734
1.3608 103.7729 -24.9649 114.8013
1.3608 103.7729 -23.1531 114.5476
1.3608 103.7729 4.4795 101.0255
1.3608 103.7729 2.4529 112.214
1.3608 103.7729 2.6938 98.9237
1.3608 103.7729 7.1735 100.619
1.3608 103.7729 8.59549 99.60196
1.3608 103.7729 -7.9179 110.1982
1.3608 103.7729 -7.7772 110.6408
1.3608 103.7729 -7.7498 110.4933
1.3608 103.7729 -7.7927 110.3651
1.3608 103.7729 2.54797 96.11155
-8.63571 122.23761 -23.666 133.90401
-8.63571 122.23761 -19.9243 134.339
-8.63571 122.23761 -10.4501 105.6884
-8.63571 122.23761 -19.9264 137.78149
-8.63571 122.23761 -3.68711 128.19429
-8.63571 122.23761 -3.6871 128.194
-8.63571 122.23761 -5.48845 122.56946
-8.63571 122.23761 -7.33298 109.70958
-8.63571 122.23761 -5.32184 120.12244
-8.63571 122.23761 -4.31346 129.54272
-8.63571 122.23761 -4.40052 120.10652
-8.63571 122.23761 -6.1428 120.4904
-8.63571 122.23761 -7.309 107.13
-8.63571 122.23761 -7.00755 109.18358
-8.63571 122.23761 -8.50189 118.31213
-8.63571 122.23761 -8.818 115.146
-8.63571 122.23761 -6.7344 108.2631
-8.63571 122.23761 -1.6764 103.576
-8.63571 122.23761 -3.2995 116.1668
-8.63571 122.23761 -8.36404 115.60964
-8.63571 122.23761 -8.42189 116.09493
-8.63571 122.23761 -7.04116 113.91572
-8.63571 122.23761 0.57454 123.89067
-8.63571 122.23761 -7.33319 108.93123
-8.63571 122.23761 -3.31836 128.39473
-8.63571 122.23761 -8.15215 112.45064
-8.63571 122.23761 -0.63789 127.50082
-8.63571 122.23761 -2.6892 118.909
-8.63571 122.23761 -7.36754 111.46126
-8.63571 122.23761 -3.23897 127.09982
-8.63571 122.23761 -0.90548 119.83665
-8.63571 122.23761 -8.7006 117.7219
-8.63571 122.23761 -3.50085 118.91494
-8.63571 122.23761 0.53021 117.60435
-8.63571 122.23761 -2.5283 121.3345
-8.63571 122.23761 -7.04907 110.44077
-8.63571 122.23761 -3.9646 119.76908
-8.63571 122.23761 -8.08474 115.21261
-8.63571 122.23761 -6.8179 111.8481
-8.63571 122.23761 0.91836 104.52629
-8.63571 122.23761 -3.04508 119.81897
-8.63571 122.23761 -8.73818 116.88214
-8.63571 122.23761 1.7922 103.8467
-0.94183 114.89592 -15.6769 128.7627
-0.94183 114.89592 -7.79564 114.23418
-0.94183 114.89592 -10.2189 120.5777
-0.94183 114.89592 -5.48845 122.56946
-0.94183 114.89592 0.32642 101.03964
-0.94183 114.89592 -5.32184 120.12244
-0.94183 114.89592 -7.74536 113.59501
-0.94183 114.89592 -4.40052 120.10652
-0.94183 114.89592 -6.1428 120.4904
-0.94183 114.89592 -5.8511 112.6578
-0.94183 114.89592 -6.69805 106.93495
-0.94183 114.89592 -7.55569 107.81495
-0.94183 114.89592 -7.7837 108.44852
-0.94183 114.89592 -7.309 107.13
-0.94183 114.89592 -7.00755 109.18358
-0.94183 114.89592 -6.5538 106.7497
-0.94183 114.89592 -8.6774 115.2097
-0.94183 114.89592 -8.7497 121.6903
-0.94183 114.89592 -8.47031 114.15205
-0.94183 114.89592 -6.7344 108.2631
-0.94183 114.89592 -7.04116 113.91572
-0.94183 114.89592 -7.33319 108.93123
-0.94183 114.89592 -3.31836 128.39473
-0.94183 114.89592 -8.15215 112.45064
-0.94183 114.89592 5.22861 96.94693
-0.94183 114.89592 -2.6892 118.909
-0.94183 114.89592 -4.36048 102.95571
-0.94183 114.89592 0.3374 119.898
-0.94183 114.89592 -8.4597 114.942
-0.94183 114.89592 -7.36754 111.46126
-0.94183 114.89592 -0.0547 98.28
-0.94183 114.89592 -8.19466 111.17709
-0.94183 114.89592 -3.50085 118.91494
-0.94183 114.89592 -2.766 100.01
-0.94183 114.89592 -8.02191 111.80415
-0.94183 114.89592 2.6951 98.9239
-0.94183 114.89592 -7.681 109.16892
-0.94183 114.89592 0.53021 117.60435
-0.94183 114.89592 3.68598 125.52859
-0.94183 114.89592 -2.5283 121.3345
-0.94183 114.89592 -7.04907 110.44077
-0.94183 114.89592 -3.9646 119.76908
-0.94183 114.89592 0.06562 111.47715
-0.94183 114.89592 -7.73485 111.76682
-0.94183 114.89592 -6.172 106.647
-0.94183 114.89592 -2.75637 107.65342
-0.94183 114.89592 -3.04508 119.81897
-0.94183 114.89592 -7.91248 110.52192
-0.94183 114.89592 -6.41913 110.94734
-0.94183 114.89592 -9.64112 119.39117
-0.94183 114.89592 -7.83715 110.92361
-0.94183 114.89592 -7.8166 110.295
-0.94183 114.89592 5.1777 118.498
-0.94183 114.89592 2.4529 112.214
-0.94183 114.89592 2.6938 98.9237
-2.0432 147.3662 -20.0876 146.25
-2.0432 147.3662 -12.8436 131.13271
-2.0432 147.3662 -4.1911 152.1637
-2.0432 147.3662 -6.5538 106.7497
-2.0432 147.3662 -2.59268 140.16776
-2.0432 147.3662 1.8381 127.7879
-2.0432 147.3662 -2.51451 140.7043
-2.0432 147.3662 -0.63789 127.50082
-2.0432 147.3662 -3.34612 128.92847
-2.0432 147.3662 -1.5107 134.17731
-2.0432 147.3662 -1.87552 136.23996
-2.0432 147.3662 -0.8628 131.25919
-2.0432 147.3662 0.77206 127.3669
-2.0497 125.9881 -19.9243 134.339
-2.0497 125.9881 -10.2065 123.6633
-2.0497 125.9881 -5.48845 122.56946
-2.0497 125.9881 -5.32184 120.12244
-2.0497 125.9881 -4.40052 120.10652
-2.0497 125.9881 -6.1428 120.4904
-2.0497 125.9881 -8.50189 118.31213
-2.0497 125.9881 -8.7497 121.6903
-2.0497 125.9881 0.7628 122.87
-2.0497 125.9881 -8.818 115.146
-2.0497 125.9881 -3.95743 122.61926
-2.0497 125.9881 -4.17172 121.65125
-2.0497 125.9881 -3.6616 133.70441
-2.0497 125.9881 -7.33319 108.93123
-2.0497 125.9881 -8.15215 112.45064
-2.0497 125.9881 -1.04181 122.77164
-2.0497 125.9881 -8.63571 122.23761
-2.0497 125.9881 -2.6892 118.909
-2.0497 125.9881 -0.90548 119.83665
-2.0497 125.9881 -8.19466 111.17709
-2.0497 125.9881 -8.7006 117.7219
-2.0497 125.9881 -3.50085 118.91494
-2.0497 125.9881 -8.02191 111.80415
-2.0497 125.9881 -3.9646 119.76908
-2.0497 125.9881 -0.8628 131.25919
-2.0497 125.9881 0.77206 127.3669
-2.0497 125.9881 -3.04508 119.81897
-2.0497 125.9881 -4.09593 138.95004
-2.0497 125.9881 -9.66897 120.29767
-12.1901 96.8349 -22.643 114.234
-12.1901 96.8349 -10.4501 105.6884
-12.1901 96.8349 -3.68711 128.19429
-12.1901 96.8349 -3.4625 114.8411
-12.1901 96.8349 0.32642 101.03964
-12.1901 96.8349 -7.74536 113.59501
-12.1901 96.8349 -5.36755 105.24521
-12.1901 96.8349 -4.31346 129.54272
-12.1901 96.8349 -7.55569 107.81495
-12.1901 96.8349 -7.7837 108.44852
-12.1901 96.8349 -7.309 107.13
-12.1901 96.8349 -6.5538 106.7497
-12.1901 96.8349 -8.50189 118.31213
-12.1901 96.8349 -5.3526 102.2767
-12.1901 96.8349 1.3036 97.5754
-12.1901 96.8349 -7.33319 108.93123
-12.1901 96.8349 -2.0912 101.46193
-12.1901 96.8349 -8.15215 112.45064
-12.1901 96.8349 -3.6517 102.59298
-12.1901 96.8349 4.45725 97.97037
-12.1901 96.8349 -3.14152 102.23961
-12.1901 96.8349 -4.48604 104.17823
-12.1901 96.8349 4.26685 96.40398
-12.1901 96.8349 -2.6892 118.909
-12.1901 96.8349 -7.36754 111.46126
-12.1901 96.8349 -0.0547 98.28
-12.1901 96.8349 -8.19466 111.17709
-12.1901 96.8349 -2.2262 113.9453
-12.1901 96.8349 -8.7006 117.7219
-12.1901 96.8349 -2.90243 104.69925
-12.1901 96.8349 -3.50085 118.91494
-12.1901 96.8349 -0.45503 100.3968
-12.1901 96.8349 -2.766 100.01
-12.1901 96.8349 -8.02191 111.80415
-12.1901 96.8349 -0.93252 101.428
-12.1901 96.8349 -7.73485 111.76682
-12.1901 96.8349 -7.00527 106.563
-12.1901 96.8349 -0.44614 117.20855
-12.1901 96.8349 -7.73485 111.76682
-12.1901 96.8349 -6.17194 106.64692
-12.1901 96.8349 -2.75637 107.65342
-12.1901 96.8349 0.91836 104.52629
-12.1901 96.8349 3.2618 97.1774
-12.1901 96.8349 2.0256 98.9594
-12.1901 96.8349 -9.66897 120.29767
-12.1901 96.8349 -7.8166 110.295
-12.1901 96.8349 -19.9336 134.36
-12.1901 96.8349 -7.42463 109.74207
-12.1901 96.8349 1.4733 110.3083
-12.1901 96.8349 -23.9436 119.9672
-12.1901 96.8349 -7.54178 110.44799
-12.1901 96.8349 -8.09814 112.92046
-12.1901 96.8349 -7.7599 110.6344
-12.1901 96.8349 1.17067 99.39525
-12.1901 96.8349 -3.18735 102.16715
-12.1901 96.8349 -3.1451 100.4541
-12.1901 96.8349 -0.26343 100.4399
-12.1901 96.8349 -0.21448 100.321
-12.1901 96.8349 0.10017 100.20533
-12.1901 96.8349 0.21332 100.1232
-12.1901 96.8349 -0.64755 100.59552
-12.1901 96.8349 -0.56638 100.34948
-12.1901 96.8349 0.6458 100.86738
-12.1901 96.8349 0.80247 100.4697
-12.1901 96.8349 0.97093 100.25243
-12.1901 96.8349 -3.5291 102.0347
-12.1901 96.8349 2.92358 95.80408
-12.1901 96.8349 -0.30515 100.2638
-12.1901 96.8349 -0.12907 100.51952
-12.1901 96.8349 -0.08793 100.65052
-12.1901 96.8349 -2.7672 100.011
-12.1901 96.8349 -2.6125 100.1051
-12.1901 96.8349 -2.1915 99.729
-12.1901 96.8349 -1.2589 100.473
-12.1901 96.8349 -1.5059 100.6313
-4.1911 152.1637 -4.09593 138.95004
-5.367548 105.24521 -18.102 125.639
-5.367548 105.24521 -22.643 114.234
-5.367548 105.24521 -15.6769 128.7627
-5.367548 105.24521 -12.8436 131.13271
-5.367548 105.24521 -10.4501 105.6884
-5.367548 105.24521 -19.7406 136.1458
-5.367548 105.24521 -7.9125 110.5231
-5.367548 105.24521 -7.79564 114.23418
-5.367548 105.24521 -0.91078 121.64867
-5.367548 105.24521 -10.2189 120.5777
-5.367548 105.24521 -3.4625 114.8411
-5.367548 105.24521 -5.48845 122.56946
-5.367548 105.24521 -7.33298 109.70958
-5.367548 105.24521 -1.10732 116.90483
-5.367548 105.24521 0.32642 101.03964
-5.367548 105.24521 -5.32184 120.12244
-5.367548 105.24521 -7.74536 113.59501
-5.367548 105.24521 -4.40052 120.10652
-5.367548 105.24521 -6.1428 120.4904
-5.367548 105.24521 -8.214 114.3557
-5.367548 105.24521 -6.73437 108.26301
-5.367548 105.24521 -7.55569 107.81495
-5.367548 105.24521 -7.7837 108.44852
-5.367548 105.24521 -7.00755 109.18358
-5.367548 105.24521 -8.50189 118.31213
-5.367548 105.24521 -8.6774 115.2097
-5.367548 105.24521 -0.4793 104.5778
-5.367548 105.24521 -8.7497 121.6903
-5.367548 105.24521 1.8381 127.7879
-5.367548 105.24521 -8.27321 113.44415
-5.367548 105.24521 1.3036 97.5754
-5.367548 105.24521 -8.818 115.146
-5.367548 105.24521 -8.47031 114.15205
-5.367548 105.24521 -2.51451 140.7043
-5.367548 105.24521 -6.7344 108.2631
-5.367548 105.24521 -1.6764 103.576
-5.367548 105.24521 -3.2995 116.1668
-5.367548 105.24521 3.52218 97.77157
-5.367548 105.24521 -3.95743 122.61926
-5.367548 105.24521 -8.36404 115.60964
-5.367548 105.24521 -4.17172 121.65125
-5.367548 105.24521 -8.42189 116.09493
-5.367548 105.24521 -7.04116 113.91572
-5.367548 105.24521 -7.33319 108.93123
-5.367548 105.24521 -8.15215 112.45064
-5.367548 105.24521 -3.6517 102.59298
-5.367548 105.24521 4.45725 97.97037
-5.367548 105.24521 -8.48 119.8921
-5.367548 105.24521 -1.04181 122.77164
-5.367548 105.24521 -3.14152 102.23961
-5.367548 105.24521 -2.44736 101.2396
-5.367548 105.24521 -8.63571 122.23761
-5.367548 105.24521 0.7955 99.57963
-5.367548 105.24521 -8.4597 114.942
-5.367548 105.24521 -7.36754 111.46126
-5.367548 105.24521 -2.7047 111.6697
-5.367548 105.24521 -8.19466 111.17709
-5.367548 105.24521 -0.91176 100.46172
-5.367548 105.24521 -2.2262 113.9453
-5.367548 105.24521 -8.7006 117.7219
-5.367548 105.24521 -2.16154 106.13637
-5.367548 105.24521 -0.45503 100.3968
-5.367548 105.24521 -2.766 100.01
-5.367548 105.24521 -8.02191 111.80415
-5.367548 105.24521 -0.3491 102.33382
-5.367548 105.24521 -2.0497 125.9881
-5.367548 105.24521 1.39876 99.43094
-5.367548 105.24521 -7.681 109.16892
-5.367548 105.24521 -0.93252 101.428
-5.367548 105.24521 0.53021 117.60435
-5.367548 105.24521 -2.3924 102.5927
-5.367548 105.24521 -7.04907 110.44077
-5.367548 105.24521 -8.08474 115.21261
-5.367548 105.24521 -2.75637 107.65342
-5.367548 105.24521 0.91836 104.52629
-5.367548 105.24521 3.2618 97.1774
-5.367548 105.24521 3.50118 98.56457
-5.367548 105.24521 -8.73818 116.88214
-5.367548 105.24521 -3.7611 102.2714
-5.367548 105.24521 -7.91248 110.52192
-5.367548 105.24521 -6.41913 110.94734
-5.367548 105.24521 -9.66897 120.29767
-5.367548 105.24521 -7.8166 110.295
-5.367548 105.24521 4.4795 101.0255
-5.367548 105.24521 6.0443 116.2147
-5.367548 105.24521 5.2902 100.6492
-5.367548 105.24521 5.1777 118.498
-5.367548 105.24521 2.4529 112.214
-5.367548 105.24521 2.6938 98.9237
-5.367548 105.24521 1.25377 99.33233
-5.367548 105.24521 1.25377 99.33233
-5.367548 105.24521 -3.18735 102.16715
-5.367548 105.24521 0.31413 100.10747
-5.367548 105.24521 0.45015 100.03327
-5.367548 105.24521 0.76205 99.54202
-5.367548 105.24521 -1.3251 100.9401
-5.367548 105.24521 -0.26343 100.4399
-5.367548 105.24521 -0.21448 100.321
-5.367548 105.24521 0.10017 100.20533
-5.367548 105.24521 0.21332 100.1232
-5.367548 105.24521 -2.3499 99.8394
-5.367548 105.24521 -0.64755 100.59552
-5.367548 105.24521 0.60582 99.29737
-5.367548 105.24521 1.47135 99.04407
-5.367548 105.24521 -1.0064 100.71173
-5.367548 105.24521 0.6458 100.86738
-5.367548 105.24521 0.97093 100.25243
-5.367548 105.24521 1.1455 99.76162
-5.367548 105.24521 -2.2853 101.1556
-5.367548 105.24521 -2.9593 100.1946
-5.367548 105.24521 1.4654 99.46853
-5.367548 105.24521 1.4926 99.59563
-5.367548 105.24521 1.55093 99.6945
-5.367548 105.24521 1.63527 99.88305
-5.367548 105.24521 -1.5843 101.1453
-5.367548 105.24521 -2.9666 100.39962
-5.367548 105.24521 -1.12473 100.35335
-5.367548 105.24521 -0.34423 100.02677
-5.367548 105.24521 -0.34423 100.02677
-5.367548 105.24521 -0.26533 100.15047
-5.367548 105.24521 0.3466 100.96153
-5.367548 105.24521 -1.89813 101.29898
-5.367548 105.24521 -2.1915 99.729
-5.367548 105.24521 -1.2589 100.473
-5.367548 105.24521 -0.399 99.9442
-5.367548 105.24521 -1.5059 100.6313
-5.367548 105.24521 -0.63638 98.51549
-5.367548 105.24521 -1.5758 99.19373
-10.4807 105.652 -7.9125 110.5231
-10.4807 105.652 -7.79564 114.23418
-10.4807 105.652 -10.2189 120.5777
-10.4807 105.652 -10.2065 123.6633
-10.4807 105.652 -7.33298 109.70958
-10.4807 105.652 -1.10732 116.90483
-10.4807 105.652 0.32642 101.03964
-10.4807 105.652 -5.32184 120.12244
-10.4807 105.652 -7.74536 113.59501
-10.4807 105.652 -5.36755 105.24521
-10.4807 105.652 -6.69805 106.93495
-10.4807 105.652 -6.73437 108.26301
-10.4807 105.652 -7.55569 107.81495
-10.4807 105.652 -7.7187 109.015
-10.4807 105.652 -7.7837 108.44852
-10.4807 105.652 -7.309 107.13
-10.4807 105.652 -6.5538 106.7497
-10.4807 105.652 -8.50189 118.31213
-10.4807 105.652 1.8381 127.7879
-10.4807 105.652 -8.27321 113.44415
-10.4807 105.652 -8.818 115.146
-10.4807 105.652 -6.7344 108.2631
-10.4807 105.652 -1.6764 103.576
-10.4807 105.652 -5.52361 104.49596
-10.4807 105.652 -4.6871 104.7317
-10.4807 105.652 -7.33319 108.93123
-10.4807 105.652 -3.82662 103.52333
-10.4807 105.652 -5.01747 104.05891
-10.4807 105.652 -3.14152 102.23961
-10.4807 105.652 -4.48604 104.17823
-10.4807 105.652 -2.7047 111.6697
-10.4807 105.652 -8.19466 111.17709
-10.4807 105.652 -2.90243 104.69925
-10.4807 105.652 -2.0497 125.9881
-10.4807 105.652 -7.00527 106.563
-10.4807 105.652 -8.08474 115.21261
-10.4807 105.652 -7.73485 111.76682
-10.4807 105.652 -6.17194 106.64692
-10.4807 105.652 -6.172 106.647
-10.4807 105.652 -3.7611 102.2714
-10.4807 105.652 -7.8166 110.295
-10.4807 105.652 -5.0142 119.7517
-10.4807 105.652 -7.9547 110.3667
-10.4807 105.652 -7.7772 110.6408
-10.4807 105.652 -7.7927 110.3651
-10.4807 105.652 -3.1451 100.4541
-10.4807 105.652 0.6458 100.86738
-10.4807 105.652 0.80247 100.4697
-10.4807 105.652 -2.2853 101.1556
-10.4807 105.652 0.10308 100.72978
-10.4807 105.652 -0.40687 98.50791
-9.4047 147.16 -23.666 133.90401
-9.4047 147.16 -13.9574 143.1749
-9.4047 147.16 -20.0876 146.25
-9.4047 147.16 -22.643 114.234
-9.4047 147.16 -15.6769 128.7627
-9.4047 147.16 -12.8436 131.13271
-9.4047 147.16 -20.5577 139.60519
-9.4047 147.16 -4.1911 152.1637
-9.4047 147.16 -24.3875 133.28709
-9.4047 147.16 1.8381 127.7879
-9.4047 147.16 -8.636 116.1707
-9.4047 147.16 -7.9826 131.2988
-9.4047 147.16 -16.8195 124.9123
-9.4047 147.16 -21.6755 140.97501
-9.4047 147.16 -22.2564 137.9579
-9.4047 147.16 -24.9813 118.7502
-9.4047 147.16 -9.37659 150.36206
-9.4047 147.16 -10.60433 150.65355
-9.4047 147.16 -10.22725 150.87537
-9.4047 147.16 -9.73914 150.81198
-9.4047 147.16 -9.42257 150.80017
-9.4047 147.16 -8.50737 151.08495
-9.4047 147.16 -10.66597 152.80161
-9.4047 147.16 -9.96187 151.16342
-9.4047 147.16 -9.96956 151.16159
-9.4047 147.16 -9.95598 151.17792
2.6938 98.9237 -10.2189 120.5777
2.6938 98.9237 0.32642 101.03964
2.6938 98.9237 -4.40052 120.10652
2.6938 98.9237 -5.8511 112.6578
2.6938 98.9237 -1.6764 103.576
2.6938 98.9237 -3.6517 102.59298
2.6938 98.9237 -6.8266 107.61759
2.6938 98.9237 -2.44736 101.2396
2.6938 98.9237 -2.90243 104.69925
2.6938 98.9237 -0.45503 100.3968
2.6938 98.9237 -5.84445 105.742
2.6938 98.9237 -0.3491 102.33382
2.6938 98.9237 -0.93252 101.428
2.6938 98.9237 -1.3265 99.0895
2.6938 98.9237 0.91836 104.52629
2.6938 98.9237 -7.91248 110.52192
2.6938 98.9237 1.7922 103.8467
2.6938 98.9237 7.1735 100.619
2.6938 98.9237 -7.52895 110.45273
2.6938 98.9237 -0.26343 100.4399
2.6938 98.9237 -0.21448 100.321
2.6938 98.9237 -0.05458 100.21925
2.6938 98.9237 -2.3499 99.8394
2.6938 98.9237 -0.64755 100.59552
2.6938 98.9237 -0.56638 100.34948
2.6938 98.9237 -0.56638 100.34948
2.6938 98.9237 -1.0064 100.71173
2.6938 98.9237 -3.5291 102.0347
2.6938 98.9237 2.92358 95.80408
2.6938 98.9237 -1.79962 99.26833
2.6938 98.9237 -1.79962 99.26833
2.6938 98.9237 -1.99397 99.6037
2.6938 98.9237 -0.26533 100.15047
2.6938 98.9237 -0.30515 100.2638
2.6938 98.9237 -0.30515 100.2638
2.6938 98.9237 -0.12907 100.51952
2.6938 98.9237 -0.12907 100.51952
2.6938 98.9237 -0.08793 100.65052
2.6938 98.9237 0.10308 100.72978
2.6938 98.9237 0.10308 100.72978
2.6938 98.9237 0.34352 100.81833
2.6938 98.9237 0.34352 100.81833
2.6938 98.9237 0.3466 100.96153
2.6938 98.9237 -2.6125 100.1051
2.6938 98.9237 -2.1915 99.729
2.6938 98.9237 -0.399 99.9442
2.6938 98.9237 -0.63638 98.51549
2.6938 98.9237 -0.40687 98.50791
2.6938 98.9237 -1.5758 99.19373
2.6938 98.9237 -1.32636 99.08943
2.6938 98.9237 -1.12702 98.97259
-2.9192317 132.26503 -15.6769 128.7627
-2.9192317 132.26503 -2.0432 147.3662
-2.9192317 132.26503 -12.8436 131.13271
-2.9192317 132.26503 -19.9243 134.339
-2.9192317 132.26503 -21.5827 133.7128
-2.9192317 132.26503 -24.9233 133.3019
-2.9192317 132.26503 -3.6871 128.194
-2.9192317 132.26503 -7.79564 114.23418
-2.9192317 132.26503 -7.74536 113.59501
-2.9192317 132.26503 -4.40052 120.10652
-2.9192317 132.26503 -6.1428 120.4904
-2.9192317 132.26503 -8.50189 118.31213
-2.9192317 132.26503 -8.7497 121.6903
-2.9192317 132.26503 1.8381 127.7879
-2.9192317 132.26503 -0.63789 127.50082
-2.9192317 132.26503 -3.82662 103.52333
-2.9192317 132.26503 -8.51812 140.41414
-2.9192317 132.26503 0.3374 119.898
-2.9192317 132.26503 -3.34612 128.92847
-2.9192317 132.26503 -3.23897 127.09982
-2.9192317 132.26503 -2.2262 113.9453
-2.9192317 132.26503 -8.4597 114.942
-2.9192317 132.26503 -7.9826 131.2988
-2.9192317 132.26503 -1.981 138.71053
-2.9192317 132.26503 0.77206 127.3669
-2.9192317 132.26503 -4.09593 138.95004
-2.9192317 132.26503 -9.64112 119.39117
-2.9192317 132.26503 5.1777 118.498
-8.48 119.8921 -23.666 133.90401
-8.48 119.8921 -22.643 114.234
-8.48 119.8921 -15.6769 128.7627
-8.48 119.8921 -19.9243 134.339
-8.48 119.8921 -10.4501 105.6884
-8.48 119.8921 -3.68711 128.19429
-8.48 119.8921 -3.6871 128.194
-8.48 119.8921 -7.79564 114.23418
-8.48 119.8921 -10.2065 123.6633
-8.48 119.8921 -5.48845 122.56946
-8.48 119.8921 -5.32184 120.12244
-8.48 119.8921 -4.40052 120.10652
-8.48 119.8921 -5.8511 112.6578
-8.48 119.8921 -7.7837 108.44852
-8.48 119.8921 0.7628 122.87
-8.48 119.8921 -8.818 115.146
-8.48 119.8921 -6.7344 108.2631
-8.48 119.8921 -5.52361 104.49596
-8.48 119.8921 -3.2995 116.1668
-8.48 119.8921 -8.42189 116.09493
-8.48 119.8921 -4.6871 104.7317
-8.48 119.8921 -7.04116 113.91572
-8.48 119.8921 0.57454 123.89067
-8.48 119.8921 -7.33319 108.93123
-8.48 119.8921 -3.31836 128.39473
-8.48 119.8921 -0.63789 127.50082
-8.48 119.8921 -3.82662 103.52333
-8.48 119.8921 -1.04181 122.77164
-8.48 119.8921 -3.14152 102.23961
-8.48 119.8921 -2.44736 101.2396
-8.48 119.8921 0.47708 121.94059
-8.48 119.8921 -0.94183 114.89592
-8.48 119.8921 -3.23897 127.09982
-8.48 119.8921 -2.90243 104.69925
-8.48 119.8921 -3.50085 118.91494
-8.48 119.8921 -2.16154 106.13637
-8.48 119.8921 -2.0497 125.9881
-8.48 119.8921 -6.11116 106.13242
-8.48 119.8921 -7.73485 111.76682
-8.48 119.8921 -2.3924 102.5927
-8.48 119.8921 -0.44614 117.20855
-8.48 119.8921 -7.04907 110.44077
-8.48 119.8921 -3.9646 119.76908
-8.48 119.8921 -8.08474 115.21261
-8.48 119.8921 -1.87552 136.23996
-8.48 119.8921 0.06562 111.47715
-8.48 119.8921 -6.8179 111.8481
-8.48 119.8921 -5.69943 132.73952
-8.48 119.8921 -2.75637 107.65342
-8.48 119.8921 0.91836 104.52629
-8.48 119.8921 -3.04508 119.81897
-8.48 119.8921 -7.8166 110.295
-8.48 119.8921 2.4529 112.214
-2.161539 106.136367 -7.79564 114.23418
-2.161539 106.136367 -7.33298 109.70958
-2.161539 106.136367 0.32642 101.03964
-2.161539 106.136367 -5.32184 120.12244
-2.161539 106.136367 -7.74536 113.59501
-2.161539 106.136367 -4.40052 120.10652
-2.161539 106.136367 -6.1428 120.4904
-2.161539 106.136367 -6.69805 106.93495
-2.161539 106.136367 -6.73437 108.26301
-2.161539 106.136367 -7.55569 107.81495
-2.161539 106.136367 -7.7837 108.44852
-2.161539 106.136367 -7.309 107.13
-2.161539 106.136367 -7.00755 109.18358
-2.161539 106.136367 -6.5538 106.7497
-2.161539 106.136367 -8.50189 118.31213
-2.161539 106.136367 -8.6774 115.2097
-2.161539 106.136367 -8.47031 114.15205
-2.161539 106.136367 -6.7344 108.2631
-2.161539 106.136367 -5.52361 104.49596
-2.161539 106.136367 -8.36404 115.60964
-2.161539 106.136367 -7.04116 113.91572
-2.161539 106.136367 -7.33319 108.93123
-2.161539 106.136367 -3.6517 102.59298
-2.161539 106.136367 5.22861 96.94693
-2.161539 106.136367 -3.82662 103.52333
-2.161539 106.136367 -5.01747 104.05891
-2.161539 106.136367 -3.14152 102.23961
-2.161539 106.136367 -4.48604 104.17823
-2.161539 106.136367 -8.63571 122.23761
-2.161539 106.136367 -4.36048 102.95571
-2.161539 106.136367 -2.2262 113.9453
-2.161539 106.136367 -8.7006 117.7219
-2.161539 106.136367 -2.766 100.01
-2.161539 106.136367 2.69518 98.92393
-2.161539 106.136367 -8.02191 111.80415
-2.161539 106.136367 -0.3491 102.33382
-2.161539 106.136367 2.6951 98.9239
-2.161539 106.136367 -6.11116 106.13242
-2.161539 106.136367 -7.681 109.16892
-2.161539 106.136367 -7.00527 106.563
-2.161539 106.136367 -2.3924 102.5927
-2.161539 106.136367 -7.04907 110.44077
-2.161539 106.136367 0.06562 111.47715
-2.161539 106.136367 -6.17194 106.64692
-2.161539 106.136367 -6.172 106.647
-2.161539 106.136367 0.91836 104.52629
-2.161539 106.136367 3.50118 98.56457
-2.161539 106.136367 -3.7611 102.2714
-2.161539 106.136367 -6.41913 110.94734
-2.161539 106.136367 1.7922 103.8467
-2.161539 106.136367 2.6938 98.9237
-2.161539 106.136367 1.08917 99.44053
-2.161539 106.136367 1.38713 99.21077
-2.161539 106.136367 -3.18735 102.16715
-2.161539 106.136367 0.33352 99.91967
-2.161539 106.136367 0.58878 99.93788
-2.161539 106.136367 0.62843 99.71877
-2.161539 106.136367 -0.21448 100.321
-2.161539 106.136367 -0.64755 100.59552
-2.161539 106.136367 -1.0064 100.71173
-2.161539 106.136367 0.97093 100.25243
-2.161539 106.136367 1.1455 99.76162
-2.161539 106.136367 1.63527 99.88305
-2.161539 106.136367 -2.9666 100.39962
-2.161539 106.136367 -0.26533 100.15047
-2.161539 106.136367 -0.30515 100.2638
-2.161539 106.136367 -0.12907 100.51952
-2.161539 106.136367 0.10308 100.72978
-2.161539 106.136367 0.10308 100.72978
-2.161539 106.136367 0.34352 100.81833
-2.161539 106.136367 0.3466 100.96153
-2.161539 106.136367 -1.89813 101.29898
-2.161539 106.136367 -1.5059 100.6313
-2.161539 106.136367 0.17138 98.59027
-18.8731 134.0455 -23.666 133.90401
-18.8731 134.0455 -15.6769 128.7627
-18.8731 134.0455 -10.4501 105.6884
-18.8731 134.0455 -3.68711 128.19429
-18.8731 134.0455 -7.79564 114.23418
-18.8731 134.0455 -7.33298 109.70958
-18.8731 134.0455 -7.74536 113.59501
-18.8731 134.0455 -8.54 118.6926
-18.8731 134.0455 -4.40052 120.10652
-18.8731 134.0455 -6.1428 120.4904
-18.8731 134.0455 -7.55569 107.81495
-18.8731 134.0455 -8.27321 113.44415
-18.8731 134.0455 -8.47031 114.15205
-18.8731 134.0455 -4.17172 121.65125
-18.8731 134.0455 -7.04116 113.91572
-18.8731 134.0455 -7.33319 108.93123
-18.8731 134.0455 -8.15215 112.45064
-18.8731 134.0455 -1.04181 122.77164
-18.8731 134.0455 -3.5008 118.9149
-18.8731 134.0455 1.44397 124.83998
-18.8731 134.0455 -0.94183 114.89592
-18.8731 134.0455 -3.23897 127.09982
-18.8731 134.0455 -8.19466 111.17709
-18.8731 134.0455 -2.90243 104.69925
-18.8731 134.0455 -8.02191 111.80415
-18.8731 134.0455 -5.84445 105.742
-18.8731 134.0455 -1.5107 134.17731
-18.8731 134.0455 -3.9646 119.76908
-18.8731 134.0455 -8.08474 115.21261
-18.8731 134.0455 -1.87552 136.23996
-18.8731 134.0455 -0.8628 131.25919
-18.8731 134.0455 0.77206 127.3669
-18.8731 134.0455 1.1214 120.79446
-18.8731 134.0455 -2.75637 107.65342
-18.8731 134.0455 -7.91248 110.52192
-18.8731 134.0455 -6.41913 110.94734
-18.8731 134.0455 -7.8166 110.295
-7.9826 131.2988 -15.6769 128.7627
-7.9826 131.2988 -19.9243 134.339
-7.9826 131.2988 -19.9254 134.36549
-7.9826 131.2988 -1.10732 116.90483
-7.9826 131.2988 -8.7497 121.6903
-7.9826 131.2988 -3.95743 122.61926
-7.9826 131.2988 -3.6616 133.70441
-7.9826 131.2988 -3.23897 127.09982
-7.9826 131.2988 -2.7047 111.6697
-7.9826 131.2988 -3.9646 119.76908
-2.7047 111.6697 -10.4501 105.6884
-2.7047 111.6697 -3.68711 128.19429
-2.7047 111.6697 -7.79564 114.23418
-2.7047 111.6697 -10.2189 120.5777
-2.7047 111.6697 -3.4625 114.8411
-2.7047 111.6697 -7.33298 109.70958
-2.7047 111.6697 -1.10732 116.90483
-2.7047 111.6697 -7.74536 113.59501
-2.7047 111.6697 -4.40052 120.10652
-2.7047 111.6697 -6.1428 120.4904
-2.7047 111.6697 -5.8511 112.6578
-2.7047 111.6697 -6.69805 106.93495
-2.7047 111.6697 -7.55569 107.81495
-2.7047 111.6697 -7.7837 108.44852
-2.7047 111.6697 -7.309 107.13
-2.7047 111.6697 -7.00755 109.18358
-2.7047 111.6697 -6.5538 106.7497
-2.7047 111.6697 -8.50189 118.31213
-2.7047 111.6697 -8.6774 115.2097
-2.7047 111.6697 -8.27321 113.44415
-2.7047 111.6697 -6.91443 112.47935
-2.7047 111.6697 1.3036 97.5754
-2.7047 111.6697 0.7628 122.87
-2.7047 111.6697 -6.7344 108.2631
-2.7047 111.6697 -1.6764 103.576
-2.7047 111.6697 -5.52361 104.49596
-2.7047 111.6697 -3.2995 116.1668
-2.7047 111.6697 3.52218 97.77157
-2.7047 111.6697 -3.95743 122.61926
-2.7047 111.6697 -8.36404 115.60964
-2.7047 111.6697 -4.17172 121.65125
-2.7047 111.6697 -4.83629 104.87045
-2.7047 111.6697 -8.42189 116.09493
-2.7047 111.6697 -4.6871 104.7317
-2.7047 111.6697 -7.04116 113.91572
-2.7047 111.6697 -7.33319 108.93123
-2.7047 111.6697 -8.15215 112.45064
-2.7047 111.6697 -3.6517 102.59298
-2.7047 111.6697 4.45725 97.97037
-2.7047 111.6697 5.22861 96.94693
-2.7047 111.6697 -3.82662 103.52333
-2.7047 111.6697 -5.01747 104.05891
-2.7047 111.6697 -4.48604 104.17823
-2.7047 111.6697 -2.6892 118.909
-2.7047 111.6697 -4.36048 102.95571
-2.7047 111.6697 0.7955 99.57963
-2.7047 111.6697 -0.94183 114.89592
-2.7047 111.6697 -7.36754 111.46126
-2.7047 111.6697 -3.23897 127.09982
-2.7047 111.6697 -0.0547 98.28
-2.7047 111.6697 -8.19466 111.17709
-2.7047 111.6697 -8.7006 117.7219
-2.7047 111.6697 -2.90243 104.69925
-2.7047 111.6697 -3.50085 118.91494
-2.7047 111.6697 -2.16154 106.13637
-2.7047 111.6697 -0.45503 100.3968
-2.7047 111.6697 -8.02191 111.80415
-2.7047 111.6697 -6.11116 106.13242
-2.7047 111.6697 -7.681 109.16892
-2.7047 111.6697 -0.93252 101.428
-2.7047 111.6697 0.53021 117.60435
-2.7047 111.6697 3.68598 125.52859
-2.7047 111.6697 -0.44614 117.20855
-2.7047 111.6697 -1.981 138.71053
-2.7047 111.6697 -7.04907 110.44077
-2.7047 111.6697 -7.73485 111.76682
-2.7047 111.6697 -6.8179 111.8481
-2.7047 111.6697 -6.17194 106.64692
-2.7047 111.6697 -6.172 106.647
-2.7047 111.6697 1.1214 120.79446
-2.7047 111.6697 -2.75637 107.65342
-2.7047 111.6697 0.91836 104.52629
-2.7047 111.6697 3.2618 97.1774
-2.7047 111.6697 -6.41913 110.94734
-2.7047 111.6697 -7.83715 110.92361
-2.7047 111.6697 -9.66897 120.29767
-2.7047 111.6697 -7.8166 110.295
-2.7047 111.6697 4.4795 101.0255
-2.7047 111.6697 2.4529 112.214
-2.7047 111.6697 -3.18735 102.16715
-2.7047 111.6697 0.33352 99.91967
-2.7047 111.6697 0.21332 100.1232
-2.7047 111.6697 -3.5291 102.0347
-2.7047 111.6697 -0.30515 100.2638
-2.7047 111.6697 -0.12907 100.51952
-2.7047 111.6697 -2.7672 100.011
-9.75526 124.267 -20.5577 139.60519
-9.75526 124.267 -3.68711 128.19429
-9.75526 124.267 -3.6871 128.194
-9.75526 124.267 -7.79564 114.23418
-9.75526 124.267 -10.2189 120.5777
-9.75526 124.267 -5.32184 120.12244
-9.75526 124.267 -4.40052 120.10652
-9.75526 124.267 -7.309 107.13
-9.75526 124.267 -8.27321 113.44415
-9.75526 124.267 -8.818 115.146
-9.75526 124.267 -3.2995 116.1668
-9.75526 124.267 -8.36404 115.60964
-9.75526 124.267 -8.42189 116.09493
-9.75526 124.267 -4.6871 104.7317
-9.75526 124.267 -3.31836 128.39473
-9.75526 124.267 4.45725 97.97037
-9.75526 124.267 -0.94183 114.89592
-9.75526 124.267 -3.23897 127.09982
-9.75526 124.267 -2.7047 111.6697
-9.75526 124.267 -0.0547 98.28
-9.75526 124.267 -8.02191 111.80415
-9.75526 124.267 -8.4597 114.942
-9.75526 124.267 -2.0497 125.9881
-9.75526 124.267 -7.00527 106.563
-9.75526 124.267 -2.5283 121.3345
-9.75526 124.267 -0.44614 117.20855
-9.75526 124.267 -3.9646 119.76908
-9.75526 124.267 -8.08474 115.21261
-9.75526 124.267 -5.63733 132.74977
-9.75526 124.267 -3.04508 119.81897
-9.75526 124.267 -8.73818 116.88214
-9.75526 124.267 -3.7611 102.2714
-9.75526 124.267 -9.64112 119.39117
-9.75526 124.267 2.4529 112.214
-7.74536 113.59501 -23.666 133.90401
-7.74536 113.59501 -21.5725 119.8458
-7.74536 113.59501 -19.9243 134.339
-7.74536 113.59501 -19.9254 134.36549
-7.74536 113.59501 -19.9587 134.3719
-7.74536 113.59501 -10.4501 105.6884
-7.74536 113.59501 -19.9264 137.78149
-7.74536 113.59501 -19.432 134.54449
-7.74536 113.59501 -19.9214 134.3302
-7.74536 113.59501 -20.5914 134.2961
-7.74536 113.59501 -22.7386 133.48061
-7.74536 113.59501 -23.4014 133.4827
-7.74536 113.59501 -10.2189 120.5777
-7.74536 113.59501 -10.2065 123.6633
-7.74536 113.59501 -5.48845 122.56946
-7.74536 113.59501 -7.33298 109.70958
-7.74536 113.59501 0.32642 101.03964
-7.74536 113.59501 -6.1428 120.4904
-7.74536 113.59501 -6.69805 106.93495
-7.74536 113.59501 -7.55569 107.81495
-7.74536 113.59501 -7.7837 108.44852
-7.74536 113.59501 -7.309 107.13
-7.74536 113.59501 -7.00755 109.18358
-7.74536 113.59501 -6.5538 106.7497
-7.74536 113.59501 -8.50189 118.31213
-7.74536 113.59501 0.7628 122.87
-7.74536 113.59501 -5.52361 104.49596
-7.74536 113.59501 -3.2995 116.1668
-7.74536 113.59501 -3.95743 122.61926
-7.74536 113.59501 -4.17172 121.65125
-7.74536 113.59501 -4.83629 104.87045
-7.74536 113.59501 -4.6871 104.7317
-7.74536 113.59501 -7.33319 108.93123
-7.74536 113.59501 -3.6517 102.59298
-7.74536 113.59501 -6.8266 107.61759
-7.74536 113.59501 -5.01747 104.05891
-7.74536 113.59501 -4.48604 104.17823
-7.74536 113.59501 -2.6892 118.909
-7.74536 113.59501 -4.36048 102.95571
-7.74536 113.59501 0.7955 99.57963
-7.74536 113.59501 0.3374 119.898
-7.74536 113.59501 -3.23897 127.09982
-7.74536 113.59501 -0.90548 119.83665
-7.74536 113.59501 -2.2262 113.9453
-7.74536 113.59501 -8.7006 117.7219
-7.74536 113.59501 -3.50085 118.91494
-7.74536 113.59501 -0.45503 100.3968
-7.74536 113.59501 -0.3491 102.33382
-7.74536 113.59501 -6.11116 106.13242
-7.74536 113.59501 -7.681 109.16892
-7.74536 113.59501 -7.00527 106.563
-7.74536 113.59501 -2.3924 102.5927
-7.74536 113.59501 -7.04907 110.44077
-7.74536 113.59501 2.40893 96.32671
-7.74536 113.59501 -3.9646 119.76908
-7.74536 113.59501 0.06562 111.47715
-7.74536 113.59501 -0.8628 131.25919
-7.74536 113.59501 -6.17194 106.64692
-7.74536 113.59501 -6.172 106.647
-7.74536 113.59501 1.1214 120.79446
-7.74536 113.59501 0.91836 104.52629
-7.74536 113.59501 3.50118 98.56457
-7.74536 113.59501 -3.04508 119.81897
-7.74536 113.59501 -8.73818 116.88214
-7.74536 113.59501 -3.7611 102.2714
-7.74536 113.59501 -7.91248 110.52192
-7.74536 113.59501 -9.64112 119.39117
-7.74536 113.59501 -9.66897 120.29767
-7.74536 113.59501 -7.8166 110.295
-7.74536 113.59501 1.7922 103.8467
-7.74536 113.59501 8.59549 99.60196
-7.74536 113.59501 1.38713 99.21077
-7.74536 113.59501 -3.1451 100.4541
-7.74536 113.59501 -1.0064 100.71173
-7.74536 113.59501 0.6458 100.86738
-7.74536 113.59501 0.80247 100.4697
-7.74536 113.59501 1.63527 99.88305
-7.74536 113.59501 -1.12473 100.35335
-7.74536 113.59501 -0.26533 100.15047
-7.74536 113.59501 0.10308 100.72978
-2.59268 140.167757 -21.5827 133.7128
-2.59268 140.167757 -3.68711 128.19429
-2.59268 140.167757 0.7628 122.87
-2.59268 140.167757 2.4529 112.214
-20.5577 139.60519 -18.8731 134.0455
-1.981 138.71053 -0.9258 134.04311
-1.981 138.71053 -0.8628 131.25919
-20.0882 146.255 -23.666 133.90401
-20.0882 146.255 -13.9574 143.1749
-20.0882 146.255 -18.102 125.639
-20.0882 146.255 -15.6769 128.7627
-20.0882 146.255 -2.0432 147.3662
-20.0882 146.255 -12.8436 131.13271
-20.0882 146.255 -21.5725 119.8458
-20.0882 146.255 -20.5577 139.60519
-20.0882 146.255 -4.1911 152.1637
-20.0882 146.255 -19.9264 137.78149
-20.0882 146.255 -21.5827 133.7128
-20.0882 146.255 -9.4092 147.1539
-20.0882 146.255 -3.68711 128.19429
-20.0882 146.255 -3.6871 128.194
-20.0882 146.255 -8.54 118.6926
-20.0882 146.255 -2.59268 140.16776
-20.0882 146.255 -8.15215 112.45064
-20.0882 146.255 -8.51812 140.41414
-20.0882 146.255 0.3374 119.898
-20.0882 146.255 -3.34612 128.92847
-20.0882 146.255 -8.7006 117.7219
-20.0882 146.255 -8.02191 111.80415
-20.0882 146.255 -2.0497 125.9881
-20.0882 146.255 -7.73485 111.76682
-20.0882 146.255 -4.09593 138.95004
-20.0882 146.255 -9.64112 119.39117
-20.0882 146.255 -21.159 119.7313
-20.0882 146.255 -9.4047 147.1597
-20.0882 146.255 -16.0128 128.0
-20.0882 146.255 -15.9282 127.2478
-20.0882 146.255 -16.8195 124.9123
-20.0882 146.255 -18.1822 124.7772
-20.0882 146.255 -17.2813 127.4645
-20.0882 146.255 -15.91217 128.1225
-20.0882 146.255 -17.34617 126.0985
-20.0882 146.255 -24.9649 114.8013
-20.0882 146.255 -13.95944 143.17862
-20.0882 146.255 -17.36444 144.48528
-20.0882 146.255 -22.94361 140.14278
-20.0882 146.255 -13.4 131.50169
-20.0882 146.255 -22.2748 131.3672
-20.0882 146.255 -18.0011 141.6351
-20.0882 146.255 -21.6755 140.97501
-20.0882 146.255 -22.7182 144.4989
-20.0882 146.255 -22.2564 137.9579
-20.0882 146.255 -22.9605 135.6676
-20.0882 146.255 -23.9436 119.9672
-20.0882 146.255 -23.5312 119.1585
-20.0882 146.255 -7.56202 110.46258
-20.0882 146.255 -10.60433 150.65355
-20.0882 146.255 -10.22725 150.87537
-20.0882 146.255 -9.73914 150.81198
-20.0882 146.255 -9.42257 150.80017
-20.0882 146.255 -7.55703 110.44505
-20.0882 146.255 -7.5265 110.45359
-20.0882 146.255 -9.96187 151.16342
1.4733 110.3083 -21.1143 134.02499
1.4733 110.3083 -7.9125 110.5231
1.4733 110.3083 -10.2189 120.5777
1.4733 110.3083 -3.4625 114.8411
1.4733 110.3083 -7.33298 109.70958
1.4733 110.3083 -1.10732 116.90483
1.4733 110.3083 -5.32184 120.12244
1.4733 110.3083 -7.74536 113.59501
1.4733 110.3083 -5.36755 105.24521
1.4733 110.3083 -4.40052 120.10652
1.4733 110.3083 5.49642 95.29617
1.4733 110.3083 -6.1428 120.4904
1.4733 110.3083 -8.214 114.3557
1.4733 110.3083 -7.7837 108.44852
1.4733 110.3083 -8.6774 115.2097
1.4733 110.3083 -0.4793 104.5778
1.4733 110.3083 -5.3526 102.2767
1.4733 110.3083 -8.27321 113.44415
1.4733 110.3083 3.52218 97.77157
1.4733 110.3083 -4.83629 104.87045
1.4733 110.3083 -4.6871 104.7317
1.4733 110.3083 -7.33319 108.93123
1.4733 110.3083 -3.6517 102.59298
1.4733 110.3083 -6.8266 107.61759
1.4733 110.3083 5.22861 96.94693
1.4733 110.3083 -4.48604 104.17823
1.4733 110.3083 4.26685 96.40398
1.4733 110.3083 -2.6892 118.909
1.4733 110.3083 -4.36048 102.95571
1.4733 110.3083 -3.34612 128.92847
1.4733 110.3083 -0.94183 114.89592
1.4733 110.3083 -7.36754 111.46126
1.4733 110.3083 -2.7047 111.6697
1.4733 110.3083 -0.90548 119.83665
1.4733 110.3083 -8.19466 111.17709
1.4733 110.3083 -0.91176 100.46172
1.4733 110.3083 -2.2262 113.9453
1.4733 110.3083 -2.2262 113.9453
1.4733 110.3083 -2.90243 104.69925
1.4733 110.3083 -3.50085 118.91494
1.4733 110.3083 -2.16154 106.13637
1.4733 110.3083 -2.766 100.01
1.4733 110.3083 2.69518 98.92393
1.4733 110.3083 -5.84445 105.742
1.4733 110.3083 -1.5107 134.17731
1.4733 110.3083 2.6951 98.9239
1.4733 110.3083 -2.0497 125.9881
1.4733 110.3083 -7.681 109.16892
1.4733 110.3083 0.53021 117.60435
1.4733 110.3083 -1.3265 99.0895
1.4733 110.3083 -7.00527 106.563
1.4733 110.3083 -3.9646 119.76908
1.4733 110.3083 -8.08474 115.21261
1.4733 110.3083 -7.73485 111.76682
1.4733 110.3083 -6.17194 106.64692
1.4733 110.3083 -6.172 106.647
1.4733 110.3083 1.1214 120.79446
1.4733 110.3083 -2.75637 107.65342
1.4733 110.3083 0.91836 104.52629
1.4733 110.3083 -8.73818 116.88214
1.4733 110.3083 -7.91248 110.52192
1.4733 110.3083 -9.64112 119.39117
1.4733 110.3083 1.3608 103.7729
1.4733 110.3083 1.7922 103.8467
1.4733 110.3083 5.1777 118.498
1.4733 110.3083 0.62843 99.71877
1.4733 110.3083 2.34443 96.40871
1.4733 110.3083 -3.0766 100.2846
1.4733 110.3083 -3.5291 102.0347
1.4733 110.3083 -2.852 100.2754
1.4733 110.3083 2.4674 96.21812
1.4733 110.3083 -2.9666 100.39962
1.4733 110.3083 -2.9616 101.4728
1.4733 110.3083 -1.5059 100.6313
1.4733 110.3083 -0.63638 98.51549
-1.10732 116.90483 -23.666 133.90401
-1.10732 116.90483 -15.6769 128.7627
-1.10732 116.90483 -19.9619 134.33971
-1.10732 116.90483 -10.4501 105.6884
-1.10732 116.90483 -22.1528 133.4899
-1.10732 116.90483 -24.3875 133.28709
-1.10732 116.90483 -7.79564 114.23418
-1.10732 116.90483 -10.2189 120.5777
-1.10732 116.90483 -3.4625 114.8411
-1.10732 116.90483 -5.48845 122.56946
-1.10732 116.90483 -7.33298 109.70958
-1.10732 116.90483 0.32642 101.03964
-1.10732 116.90483 -5.32184 120.12244
-1.10732 116.90483 -4.40052 120.10652
-1.10732 116.90483 -6.1428 120.4904
-1.10732 116.90483 -5.8511 112.6578
-1.10732 116.90483 -8.214 114.3557
-1.10732 116.90483 -6.69805 106.93495
-1.10732 116.90483 -7.55569 107.81495
-1.10732 116.90483 -7.7837 108.44852
-1.10732 116.90483 -7.00755 109.18358
-1.10732 116.90483 -6.5538 106.7497
-1.10732 116.90483 -8.50189 118.31213
-1.10732 116.90483 -8.6774 115.2097
-1.10732 116.90483 -0.4793 104.5778
-1.10732 116.90483 -8.7497 121.6903
-1.10732 116.90483 -8.27321 113.44415
-1.10732 116.90483 -6.91443 112.47935
-1.10732 116.90483 0.7628 122.87
-1.10732 116.90483 -8.818 115.146
-1.10732 116.90483 -8.47031 114.15205
-1.10732 116.90483 -2.51451 140.7043
-1.10732 116.90483 -6.7344 108.2631
-1.10732 116.90483 -5.52361 104.49596
-1.10732 116.90483 -3.95743 122.61926
-1.10732 116.90483 -8.36404 115.60964
-1.10732 116.90483 -4.17172 121.65125
-1.10732 116.90483 -8.42189 116.09493
-1.10732 116.90483 -7.04116 113.91572
-1.10732 116.90483 -7.33319 108.93123
-1.10732 116.90483 -3.31836 128.39473
-1.10732 116.90483 -8.15215 112.45064
-1.10732 116.90483 -6.8266 107.61759
-1.10732 116.90483 -3.14152 102.23961
-1.10732 116.90483 -4.48604 104.17823
-1.10732 116.90483 -2.44736 101.2396
-1.10732 116.90483 -8.63571 122.23761
-1.10732 116.90483 -4.36048 102.95571
-1.10732 116.90483 0.3374 119.898
-1.10732 116.90483 0.47708 121.94059
-1.10732 116.90483 -3.34612 128.92847
-1.10732 116.90483 -8.4597 114.942
-1.10732 116.90483 -7.36754 111.46126
-1.10732 116.90483 -3.23897 127.09982
-1.10732 116.90483 -0.0547 98.28
-1.10732 116.90483 -8.19466 111.17709
-1.10732 116.90483 -2.2262 113.9453
-1.10732 116.90483 -8.7006 117.7219
-1.10732 116.90483 -2.2262 113.9453
-1.10732 116.90483 -2.90243 104.69925
-1.10732 116.90483 -2.766 100.01
-1.10732 116.90483 2.69518 98.92393
-1.10732 116.90483 -8.02191 111.80415
-1.10732 116.90483 -0.3491 102.33382
-1.10732 116.90483 -6.11116 106.13242
-1.10732 116.90483 -7.681 109.16892
-1.10732 116.90483 3.68598 125.52859
-1.10732 116.90483 -1.3265 99.0895
-1.10732 116.90483 -7.00527 106.563
-1.10732 116.90483 -2.5283 121.3345
-1.10732 116.90483 -7.04907 110.44077
-1.10732 116.90483 -3.9646 119.76908
-1.10732 116.90483 -8.08474 115.21261
-1.10732 116.90483 -1.87552 136.23996
-1.10732 116.90483 0.06562 111.47715
-1.10732 116.90483 -7.73485 111.76682
-1.10732 116.90483 -6.8179 111.8481
-1.10732 116.90483 -6.17194 106.64692
-1.10732 116.90483 -6.172 106.647
-1.10732 116.90483 1.1214 120.79446
-1.10732 116.90483 -2.75637 107.65342
-1.10732 116.90483 3.2618 97.1774
-1.10732 116.90483 3.50118 98.56457
-1.10732 116.90483 -8.73818 116.88214
-1.10732 116.90483 -3.7611 102.2714
-1.10732 116.90483 -7.91248 110.52192
-1.10732 116.90483 -6.41913 110.94734
-1.10732 116.90483 -9.64112 119.39117
-1.10732 116.90483 -7.83715 110.92361
-1.10732 116.90483 -7.8166 110.295
-1.10732 116.90483 4.4795 101.0255
-1.10732 116.90483 1.7922 103.8467
-1.10732 116.90483 2.4529 112.214
-1.10732 116.90483 2.6938 98.9237
-4.31346 129.54272 -15.6769 128.7627
-4.31346 129.54272 -19.9243 134.339
-4.31346 129.54272 -19.9254 134.36549
-4.31346 129.54272 -19.9587 134.3719
-4.31346 129.54272 -19.9619 134.33971
-4.31346 129.54272 -21.5827 133.7128
-4.31346 129.54272 -10.2189 120.5777
-4.31346 129.54272 -5.32184 120.12244
-4.31346 129.54272 -6.1428 120.4904
-4.31346 129.54272 -7.7837 108.44852
-4.31346 129.54272 -8.6774 115.2097
-4.31346 129.54272 -8.7497 121.6903
-4.31346 129.54272 -3.2995 116.1668
-4.31346 129.54272 -3.95743 122.61926
-4.31346 129.54272 -3.6616 133.70441
-4.31346 129.54272 0.57454 123.89067
-4.31346 129.54272 -1.04181 122.77164
-4.31346 129.54272 -2.44736 101.2396
-4.31346 129.54272 4.26685 96.40398
-4.31346 129.54272 -8.7006 117.7219
-4.31346 129.54272 -1.5107 134.17731
-4.31346 129.54272 -6.11116 106.13242
-4.31346 129.54272 0.53021 117.60435
-4.31346 129.54272 -1.981 138.71053
-4.31346 129.54272 -3.9646 119.76908
-4.31346 129.54272 -0.8628 131.25919
-4.31346 129.54272 0.77206 127.3669
-4.31346 129.54272 -6.41913 110.94734
-4.31346 129.54272 5.1777 118.498
-12.8436 131.13271 -23.666 133.90401
-12.8436 131.13271 -20.0876 146.25
-12.8436 131.13271 -22.643 114.234
-12.8436 131.13271 -15.6769 128.7627
-12.8436 131.13271 -20.5577 139.60519
-12.8436 131.13271 -19.9243 134.339
-12.8436 131.13271 -19.9264 137.78149
-12.8436 131.13271 -19.432 134.54449
-12.8436 131.13271 -18.8731 134.0455
-12.8436 131.13271 -21.5827 133.7128
-12.8436 131.13271 -20.6321 120.0776
-12.8436 131.13271 -0.91078 121.64867
-12.8436 131.13271 -4.31346 129.54272
-12.8436 131.13271 -8.214 114.3557
-12.8436 131.13271 -6.73437 108.26301
-12.8436 131.13271 -7.55569 107.81495
-12.8436 131.13271 -7.7837 108.44852
-12.8436 131.13271 -7.309 107.13
-12.8436 131.13271 -8.6774 115.2097
-12.8436 131.13271 -8.7497 121.6903
-12.8436 131.13271 -2.59268 140.16776
-12.8436 131.13271 -8.27321 113.44415
-12.8436 131.13271 0.7628 122.87
-12.8436 131.13271 -8.818 115.146
-12.8436 131.13271 -8.47031 114.15205
-12.8436 131.13271 -2.51451 140.7043
-12.8436 131.13271 -3.6616 133.70441
-12.8436 131.13271 -8.15215 112.45064
-12.8436 131.13271 -3.5008 118.9149
-12.8436 131.13271 -8.51812 140.41414
-12.8436 131.13271 -3.23897 127.09982
-12.8436 131.13271 -2.7047 111.6697
-12.8436 131.13271 -8.19466 111.17709
-12.8436 131.13271 -7.9826 131.2988
-12.8436 131.13271 0.06562 111.47715
-12.8436 131.13271 0.77206 127.3669
-12.8436 131.13271 -3.04508 119.81897
-12.8436 131.13271 -7.91248 110.52192
-12.8436 131.13271 -4.09593 138.95004
-12.8436 131.13271 -20.8903 117.6393
-12.8436 131.13271 0.33352 99.91967
-12.8436 131.13271 0.58878 99.93788
-12.8436 131.13271 0.76205 99.54202
-12.8436 131.13271 -3.5291 102.0347
5.49642 95.29617 -10.4501 105.6884
5.49642 95.29617 -7.79564 114.23418
5.49642 95.29617 -3.4625 114.8411
5.49642 95.29617 -1.10732 116.90483
5.49642 95.29617 0.32642 101.03964
5.49642 95.29617 -6.69805 106.93495
5.49642 95.29617 -7.00755 109.18358
5.49642 95.29617 -5.3526 102.2767
5.49642 95.29617 -8.27321 113.44415
5.49642 95.29617 1.3036 97.5754
5.49642 95.29617 -5.52361 104.49596
5.49642 95.29617 3.52218 97.77157
5.49642 95.29617 -3.6517 102.59298
5.49642 95.29617 -3.82662 103.52333
5.49642 95.29617 -5.01747 104.05891
5.49642 95.29617 -3.14152 102.23961
5.49642 95.29617 -2.44736 101.2396
5.49642 95.29617 -8.63571 122.23761
5.49642 95.29617 0.7955 99.57963
5.49642 95.29617 -0.90548 119.83665
5.49642 95.29617 -8.19466 111.17709
5.49642 95.29617 -0.45503 100.3968
5.49642 95.29617 -2.766 100.01
5.49642 95.29617 1.39876 99.43094
5.49642 95.29617 -7.04907 110.44077
5.49642 95.29617 2.40893 96.32671
5.49642 95.29617 -8.08474 115.21261
5.49642 95.29617 -6.17194 106.64692
5.49642 95.29617 -7.83715 110.92361
5.49642 95.29617 4.4795 101.0255
5.49642 95.29617 2.6938 98.9237
5.49642 95.29617 7.1735 100.619
5.49642 95.29617 0.95555 99.52943
5.49642 95.29617 1.08917 99.44053
5.49642 95.29617 1.08917 99.44053
5.49642 95.29617 1.17067 99.39525
5.49642 95.29617 1.25377 99.33233
5.49642 95.29617 1.25377 99.33233
5.49642 95.29617 1.33087 99.30995
5.49642 95.29617 1.38713 99.21077
5.49642 95.29617 0.33352 99.91967
5.49642 95.29617 0.58878 99.93788
5.49642 95.29617 0.76205 99.54202
5.49642 95.29617 -3.0766 100.2846
5.49642 95.29617 -1.3251 100.9401
5.49642 95.29617 -3.1451 100.4541
5.49642 95.29617 -0.26343 100.4399
5.49642 95.29617 0.60582 99.29737
5.49642 95.29617 0.6458 100.86738
5.49642 95.29617 0.80247 100.4697
5.49642 95.29617 0.97093 100.25243
5.49642 95.29617 1.1455 99.76162
5.49642 95.29617 -3.5291 102.0347
5.49642 95.29617 -5.3526 102.2715
5.49642 95.29617 1.47355 99.32468
5.49642 95.29617 1.4926 99.59563
5.49642 95.29617 1.55093 99.6945
5.49642 95.29617 1.62625 99.743
5.49642 95.29617 -1.79962 99.26833
5.49642 95.29617 -1.44 101.3596
5.49642 95.29617 -1.5843 101.1453
5.49642 95.29617 -1.99397 99.6037
5.49642 95.29617 -2.9666 100.39962
5.49642 95.29617 -1.12473 100.35335
5.49642 95.29617 -0.34423 100.02677
5.49642 95.29617 -0.34423 100.02677
5.49642 95.29617 -0.26533 100.15047
5.49642 95.29617 -1.89813 101.29898
5.49642 95.29617 -2.6125 100.1051
5.49642 95.29617 -1.2589 100.473
5.49642 95.29617 0.56918 97.71065
5.49642 95.29617 0.75653 97.88217
5.49642 95.29617 0.98978 97.6177
5.49642 95.29617 1.04963 97.75698
5.49642 95.29617 -0.63638 98.51549
5.49642 95.29617 -0.08943 97.86086
5.49642 95.29617 0.17138 98.59027
-13.9574 143.1749 -20.0876 146.25
-13.9574 143.1749 -21.5725 119.8458
-13.9574 143.1749 -20.5577 139.60519
-13.9574 143.1749 -4.1911 152.1637
-13.9574 143.1749 -7.7837 108.44852
-13.9574 143.1749 -7.309 107.13
-13.9574 143.1749 -2.59268 140.16776
-13.9574 143.1749 1.8381 127.7879
-13.9574 143.1749 -8.818 115.146
-13.9574 143.1749 -8.47031 114.15205
-13.9574 143.1749 -2.51451 140.7043
-13.9574 143.1749 -3.6616 133.70441
-13.9574 143.1749 -8.51812 140.41414
-13.9574 143.1749 -8.636 116.1707
-13.9574 143.1749 -0.90548 119.83665
-13.9574 143.1749 -2.2262 113.9453
-13.9574 143.1749 -7.681 109.16892
-13.9574 143.1749 -1.981 138.71053
-13.9574 143.1749 -7.04907 110.44077
-13.9574 143.1749 -5.69943 132.73952
-13.9574 143.1749 -4.09593 138.95004
-13.9574 143.1749 -18.0011 141.6351
-13.9574 143.1749 -22.7182 144.4989
-13.9574 143.1749 -7.9547 110.3667
-8.518124 140.414138 -20.5577 139.60519
-8.518124 140.414138 -3.6616 133.70441
-8.518124 140.414138 -1.981 138.71053
-8.518124 140.414138 -6.41913 110.94734
-8.518124 140.414138 -9.64112 119.39117
-7.309 107.13 -15.6769 128.7627
-7.309 107.13 -19.9254 134.36549
-7.309 107.13 -10.4501 105.6884
-7.309 107.13 -7.79564 114.23418
-7.309 107.13 -5.32184 120.12244
-7.309 107.13 -4.40052 120.10652
-7.309 107.13 -6.1428 120.4904
-7.309 107.13 -8.214 114.3557
-7.309 107.13 -5.3526 102.2767
-7.309 107.13 1.3036 97.5754
-7.309 107.13 -8.818 115.146
-7.309 107.13 -5.52361 104.49596
-7.309 107.13 -3.2995 116.1668
-7.309 107.13 3.52218 97.77157
-7.309 107.13 -8.36404 115.60964
-7.309 107.13 -4.83629 104.87045
-7.309 107.13 -8.42189 116.09493
-7.309 107.13 -4.6871 104.7317
-7.309 107.13 -7.04116 113.91572
-7.309 107.13 -8.15215 112.45064
-7.309 107.13 -5.01747 104.05891
-7.309 107.13 -3.14152 102.23961
-7.309 107.13 -4.48604 104.17823
-7.309 107.13 -2.44736 101.2396
-7.309 107.13 -4.36048 102.95571
-7.309 107.13 -7.36754 111.46126
-7.309 107.13 -0.0547 98.28
-7.309 107.13 -8.19466 111.17709
-7.309 107.13 -2.2262 113.9453
-7.309 107.13 -8.7006 117.7219
-7.309 107.13 -2.2262 113.9453
-7.309 107.13 -2.90243 104.69925
-7.309 107.13 -3.50085 118.91494
-7.309 107.13 -0.45503 100.3968
-7.309 107.13 -8.02191 111.80415
-7.309 107.13 -0.3491 102.33382
-7.309 107.13 -2.3924 102.5927
-7.309 107.13 -8.08474 115.21261
-7.309 107.13 0.06562 111.47715
-7.309 107.13 -7.73485 111.76682
-7.309 107.13 -6.8179 111.8481
-7.309 107.13 -3.7611 102.2714
-7.309 107.13 -7.91248 110.52192
-7.309 107.13 -6.41913 110.94734
-7.309 107.13 -7.83715 110.92361
-7.309 107.13 -9.66897 120.29767
-7.309 107.13 -7.8166 110.295
-7.309 107.13 -3.18735 102.16715
-7.309 107.13 0.76205 99.54202
-7.309 107.13 -3.0766 100.2846
-7.309 107.13 -0.26343 100.4399
-7.309 107.13 -1.0064 100.71173
-7.309 107.13 -2.7672 100.011
-7.309 107.13 0.17138 98.59027
-0.8628 131.25919 -3.68711 128.19429
-0.8628 131.25919 -3.6871 128.194
-0.8628 131.25919 -3.6616 133.70441
-0.8628 131.25919 -0.63789 127.50082
-0.8628 131.25919 -3.34612 128.92847
-0.8628 131.25919 -8.7006 117.7219
-0.8628 131.25919 0.77206 127.3669
-0.8628 131.25919 -8.73818 116.88214
3.68598 125.52859 -3.6871 128.194
3.68598 125.52859 -5.48845 122.56946
3.68598 125.52859 0.57454 123.89067
3.68598 125.52859 -3.50085 118.91494
3.68598 125.52859 0.77206 127.3669
3.68598 125.52859 1.1214 120.79446
3.68598 125.52859 -7.91248 110.52192
3.68598 125.52859 5.1777 118.498
3.68598 125.52859 2.4529 112.214
-0.910782 121.648666 -23.666 133.90401
-0.910782 121.648666 -20.0876 146.25
-0.910782 121.648666 -22.643 114.234
-0.910782 121.648666 -15.6769 128.7627
-0.910782 121.648666 -21.5725 119.8458
-0.910782 121.648666 -20.5577 139.60519
-0.910782 121.648666 -19.9243 134.339
-0.910782 121.648666 -19.9587 134.3719
-0.910782 121.648666 -18.8731 134.0455
-0.910782 121.648666 -22.1528 133.4899
-0.910782 121.648666 -3.6871 128.194
-0.910782 121.648666 -7.79564 114.23418
-0.910782 121.648666 -10.2189 120.5777
-0.910782 121.648666 -7.33298 109.70958
-0.910782 121.648666 -5.32184 120.12244
-0.910782 121.648666 -7.74536 113.59501
-0.910782 121.648666 -4.31346 129.54272
-0.910782 121.648666 -6.1428 120.4904
-0.910782 121.648666 -8.214 114.3557
-0.910782 121.648666 -6.73437 108.26301
-0.910782 121.648666 -7.55569 107.81495
-0.910782 121.648666 -7.7837 108.44852
-0.910782 121.648666 -7.309 107.13
-0.910782 121.648666 -7.00755 109.18358
-0.910782 121.648666 -8.6774 115.2097
-0.910782 121.648666 -8.7497 121.6903
-0.910782 121.648666 -6.91443 112.47935
-0.910782 121.648666 -8.47031 114.15205
-0.910782 121.648666 -2.51451 140.7043
-0.910782 121.648666 -6.7344 108.2631
-0.910782 121.648666 -1.6764 103.576
-0.910782 121.648666 -5.52361 104.49596
-0.910782 121.648666 -3.2995 116.1668
-0.910782 121.648666 -3.95743 122.61926
-0.910782 121.648666 -8.36404 115.60964
-0.910782 121.648666 -4.17172 121.65125
-0.910782 121.648666 -8.42189 116.09493
-0.910782 121.648666 -4.6871 104.7317
-0.910782 121.648666 -7.04116 113.91572
-0.910782 121.648666 -3.6616 133.70441
-0.910782 121.648666 -7.33319 108.93123
-0.910782 121.648666 -3.31836 128.39473
-0.910782 121.648666 4.45725 97.97037
-0.910782 121.648666 -3.14152 102.23961
-0.910782 121.648666 -4.48604 104.17823
-0.910782 121.648666 -8.63571 122.23761
-0.910782 121.648666 -2.6892 118.909
-0.910782 121.648666 1.44397 124.83998
-0.910782 121.648666 -3.34612 128.92847
-0.910782 121.648666 -0.9258 134.04311
-0.910782 121.648666 -8.4597 114.942
-0.910782 121.648666 -7.36754 111.46126
-0.910782 121.648666 -3.23897 127.09982
-0.910782 121.648666 -2.7047 111.6697
-0.910782 121.648666 -8.19466 111.17709
-0.910782 121.648666 -2.2262 113.9453
-0.910782 121.648666 -2.90243 104.69925
-0.910782 121.648666 -3.50085 118.91494
-0.910782 121.648666 -2.16154 106.13637
-0.910782 121.648666 -8.02191 111.80415
-0.910782 121.648666 -0.3491 102.33382
-0.910782 121.648666 -1.5107 134.17731
-0.910782 121.648666 2.6951 98.9239
-0.910782 121.648666 -8.4597 114.942
-0.910782 121.648666 -2.0497 125.9881
-0.910782 121.648666 -7.681 109.16892
-0.910782 121.648666 0.53021 117.60435
-0.910782 121.648666 3.68598 125.52859
-0.910782 121.648666 -7.73485 111.76682
-0.910782 121.648666 -2.3924 102.5927
-0.910782 121.648666 -0.44614 117.20855
-0.910782 121.648666 -1.981 138.71053
-0.910782 121.648666 -8.08474 115.21261
-0.910782 121.648666 -7.73485 111.76682
-0.910782 121.648666 -5.63733 132.74977
-0.910782 121.648666 -5.69943 132.73952
-0.910782 121.648666 -6.17194 106.64692
-0.910782 121.648666 0.77206 127.3669
-0.910782 121.648666 -2.75637 107.65342
-0.910782 121.648666 -8.73818 116.88214
-0.910782 121.648666 -9.64112 119.39117
-0.910782 121.648666 -7.83715 110.92361
-0.910782 121.648666 4.4795 101.0255
-0.910782 121.648666 5.1777 118.498
-0.910782 121.648666 2.4529 112.214
-0.910782 121.648666 7.1735 100.619
-0.910782 121.648666 8.59549 99.60196
-0.910782 121.648666 1.17067 99.39525
-0.910782 121.648666 -3.18735 102.16715
-0.910782 121.648666 -2.3499 99.8394
-0.910782 121.648666 1.47135 99.04407
-0.910782 121.648666 1.1455 99.76162
-0.910782 121.648666 -3.5291 102.0347
-0.910782 121.648666 -1.7457 100.8003
-0.910782 121.648666 -2.9593 100.1946
-0.910782 121.648666 1.4926 99.59563
-0.910782 121.648666 -1.44 101.3596
-0.910782 121.648666 -1.5843 101.1453
-0.910782 121.648666 -2.9666 100.39962
-0.910782 121.648666 -1.12473 100.35335
-0.910782 121.648666 -2.9616 101.4728
-0.910782 121.648666 -1.50593 100.63127
-0.910782 121.648666 -1.32636 99.08943
-0.910782 121.648666 -1.12702 98.97259
-0.910782 121.648666 -0.92233 98.91017
-18.102 125.639 -23.666 133.90401
-18.102 125.639 -20.0876 146.25
-18.102 125.639 -22.643 114.234
-18.102 125.639 -15.6769 128.7627
-18.102 125.639 -12.8436 131.13271
-18.102 125.639 -18.8731 134.0455
-18.102 125.639 -21.5827 133.7128
-18.102 125.639 -20.6321 120.0776
-18.102 125.639 -23.6735 117.6157
-18.102 125.639 -21.2667 120.8875
-18.102 125.639 -21.5133 121.8514
-18.102 125.639 -3.68711 128.19429
-18.102 125.639 -3.6871 128.194
-18.102 125.639 -7.79564 114.23418
-18.102 125.639 -3.4625 114.8411
-18.102 125.639 -8.54 118.6926
-18.102 125.639 -4.31346 129.54272
-18.102 125.639 -6.69805 106.93495
-18.102 125.639 -7.55569 107.81495
-18.102 125.639 -7.7187 109.015
-18.102 125.639 -7.7837 108.44852
-18.102 125.639 -7.309 107.13
-18.102 125.639 -6.5538 106.7497
-18.102 125.639 1.8381 127.7879
-18.102 125.639 -8.27321 113.44415
-18.102 125.639 -6.91443 112.47935
-18.102 125.639 -5.52361 104.49596
-18.102 125.639 -6.8266 107.61759
-18.102 125.639 -4.48604 104.17823
-18.102 125.639 -8.19466 111.17709
-18.102 125.639 -8.7006 117.7219
-18.102 125.639 -5.84445 105.742
-18.102 125.639 -7.681 109.16892
-18.102 125.639 -8.08474 115.21261
-18.102 125.639 -6.8679 109.121
-18.102 125.639 -6.172 106.647
-18.102 125.639 -7.91248 110.52192
-18.102 125.639 -9.64112 119.39117
-18.102 125.639 2.6938 98.9237
-18.102 125.639 -18.0011 141.6351
-18.102 125.639 -3.18735 102.16715
-18.102 125.639 0.76205 99.54202
